
========================================================================
=== OrbitSweep final report (load-only; one freerun per orbit) ===
========================================================================
DIM=10  M=2  esn_seed=7934791766227647176  num_orbits=200000  threads=24
base_orbit_seed=9333312947715283458
weights=C:\HypercubeESN\models\lorenz_seed7934791766227647176_D10_M2
ok=200000 / 200000  failed=0
file/stdout keep: top 100 + bottom 10 by VPT*duty (not full table)

note: one freerun per orbit; VxD = VPT*duty for that run.

--- Top 100 by VPT*duty ---
rank    idx           orbit_seed        VxD        VPT       duty       RMSE  r_VxD  r_VPT r_duty
1     77957  4381562556728633053      6.485       9.71      0.668   0.369166      1      3      5
2     30889  1304211574214059103      5.697       8.84      0.644   0.366185      2     14     15
3     91013 13485130503103931780      5.630       9.60      0.587   0.374545      3      4    222
4     45632   837812888794294026      5.109       9.42      0.542   0.373303      4      9   1014
5     86019  6196506513956613942      5.066       8.33      0.608   0.353445      5     25    101
6    115903  6391717741618670871      5.026       8.40      0.598   0.395089      6     21    143
7     14738  2053785022979524342      4.840       9.98      0.485   0.393622      7      2   5149
8    113845 18122106123368409551      4.770       9.15      0.521   0.382549      8     10   1922
9     57373  8784796602742712729      4.754       7.90      0.602   0.364363      9     44    128
10   172661  7971409694923584353      4.599       8.55      0.538   0.407404     10     17   1169
11   134200 10972872014577773020      4.571       8.91      0.513   0.402722     11     11   2449
12    31230 14300455849191190064      4.571       8.51      0.537   0.399302     12     18   1201
13    59566 10110747642984343387      4.553       6.85      0.665   0.368902     13    168      6
14    90911  4258066496804509840      4.530       9.53      0.475   0.402805     14      5   6480
15    62578   681350610311401169      4.508       7.91      0.570   0.391561     15     43    423
16   137409   429625896820001989      4.484       7.75      0.579   0.385159     16     47    297
17   141737 13265574533700411900      4.445       8.39      0.530   0.422520     17     22   1469
18   155427 16279282379938781857      4.401       8.02      0.548   0.405191     18     34    827
19   189960 16164646552719263233      4.359       6.43      0.678   0.367832     19    300      2
20   190449  3012081877437117900      4.344       8.87      0.489   0.380133     20     13   4547
21    10094 17452923545958089237      4.296       7.73      0.555   0.391101     21     49    669
22    14228  4804462555342624996      4.244       7.66      0.554   0.385064     22     53    704
23   165071 15499870983154074410      4.227       7.64      0.553   0.387852     23     55    720
24    38198  5062186495556341482      4.196       7.32      0.574   0.398625     24     92    359
25   120945 17034084996863348423      4.150       7.03      0.591   0.383868     25    138    194
26   182831  1348129937206454637      4.145       7.99      0.519   0.412593     26     38   2041
27    35792 17906519568822214812      4.128       9.49      0.435   0.422792     27      6  15385
28   199682  9259414080453246584      4.127       7.64      0.540   0.380470     28     54   1086
29    62236 17060546868344410555      4.111       7.03      0.585   0.413431     29    136    237
30   191380  4259248971237463710      4.110       6.81      0.604   0.394236     30    173    121
31    81911  1359027935372597755      4.093       6.74      0.608   0.382494     31    193    104
32    36934 15795793666131025492      4.052       7.46      0.543   0.401854     32     73    991
33    29383  7639979262430576814      4.044       6.39      0.632   0.389717     33    317     29
34   115195  4074929262064231868      4.028       8.91      0.452   0.409261     34     12  10925
35    74517  8782719352202071351      4.019       6.67      0.603   0.374361     35    216    122
36   151265  6361527274631042144      3.980       6.39      0.623   0.356024     36    312     48
37    50075   639594362649097387      3.977       6.47      0.615   0.372687     37    287     71
38   159064  5010496892827829691      3.971       7.53      0.527   0.401704     38     63   1638
39   105604 16649859028027569163      3.948       6.63      0.596   0.365826     39    224    159
40    62192 13592650037180525321      3.937       7.32      0.538   0.390703     40     91   1170
41    41732  6612684181779905058      3.916       6.90      0.568   0.394520     41    158    451
42    12151  9821562146879731523      3.913       7.06      0.554   0.378025     42    129    700
43     2566 17796215131300700236      3.906       6.67      0.586   0.390984     43    209    223
44   171353  7655509861813128544      3.902       6.88      0.567   0.377129     44    163    458
45    57877 12868259842307443184      3.878       6.77      0.573   0.405953     45    185    379
46   107318  8562984840934338287      3.873       8.20      0.472   0.397504     46     30   7016
47    51484  9786320854383394058      3.870       8.28      0.468   0.396571     47     26   7793
48   137943  7730991648230479828      3.853       9.49      0.406   0.419746     48      7  25825
49    18844 11246760303407946938      3.840       6.25      0.615   0.371975     49    367     72
50    93900  3183976084465355943      3.831       7.53      0.508   0.420461     50     62   2768
51   192752  2553801065297187486      3.821       8.57      0.446   0.428778     51     16  12346
52   159487 16197546571289764384      3.810       6.86      0.555   0.392610     52    164    679
53    99355  9310211167921225943      3.803       6.48      0.587   0.399131     53    280    219
54   134286 16835698642146793234      3.801       6.50      0.585   0.394884     54    273    239
55   123675  1894102933444757387      3.798       5.61      0.676   0.332488     55    773      3
56   146990  6834975506585796742      3.794       7.12      0.533   0.415857     56    121   1359
57    17442 11261505848824865193      3.775       6.39      0.591   0.381064     57    314    195
58   178327  3171901337486448293      3.768       9.45      0.399   0.442834     58      8  29049
59     2269  9469884271977492139      3.765       7.35      0.512   0.431907     59     82   2505
60   131273  9714177354145883725      3.761       6.57      0.572   0.390519     60    243    381
61   106024  9019152862230396852      3.741       8.28      0.452   0.423753     61     27  10971
62   184373  4481698415250675419      3.737       7.06      0.529   0.401375     62    128   1515
63   176814  5843149366295690194      3.731       8.44      0.442   0.408177     63     20  13392
64   103264 10449290332942993709      3.715       7.01      0.530   0.397530     64    140   1485
65   126090  8590591686725376562      3.715       7.01      0.530   0.399380     65    141   1474
66    73301 10949059647276544540      3.686       6.96      0.530   0.405231     66    151   1477
67   139275  1818590288650606854      3.669       6.00      0.612   0.374641     67    480     82
68    82319 15472856212341411468      3.668       7.43      0.494   0.416899     68     75   4098
69   136942 14560376145294560845      3.662       8.46      0.433   0.461036     69     19  15889
70    97687  3378146807150522009      3.629       7.35      0.493   0.408772     70     83   4164
71   164285 12206911010226111082      3.625       6.92      0.524   0.411254     71    154   1771
72   143287 16928514150089078664      3.618       6.50      0.556   0.392813     72    269    638
73   153782  8536216756166022603      3.615       8.02      0.451   0.408179     73     35  11223
74   129581  5252358390045847423      3.614       8.01      0.452   0.414178     74     36  11063
75      950 18079971714892658907      3.611       7.72      0.468   0.430240     75     50   7729
76    69352 10227501410748805537      3.592       6.70      0.536   0.369473     76    199   1244
77    75344  9944842092201827764      3.588       7.15      0.501   0.418302     77    113   3358
78   170119 11255273152017753716      3.548       7.12      0.498   0.411734     78    119   3663
79    90653 16442353581151989079      3.532       6.97      0.506   0.406886     79    148   2910
80   156831 11735371739732690075      3.529       7.14      0.494   0.401913     80    115   4019
81   184862  8127445474403199283      3.517       6.47      0.544   0.419819     81    286    955
82     2426  9212266063541282163      3.516       6.67      0.527   0.403031     82    208   1602
83    77302  6339493331463257969      3.514       5.71      0.616   0.373903     83    697     69
84    74921   342920212748715133      3.510      10.67      0.329   0.436286     84      1  69833
85    43096   312808086936546015      3.489       5.65      0.618   0.366280     85    750     61
86    70956 16086898756424556851      3.485       6.45      0.540   0.397238     86    290   1066
87   121409 10033803391441281063      3.484       6.79      0.513   0.385724     87    178   2444
88   195659  1882372501848622073      3.467       7.95      0.436   0.420248     88     39  15117
89   104206  7731787576098070503      3.463       6.21      0.557   0.383500     89    388    624
90   103092 16835182083363692207      3.458       7.10      0.487   0.398541     90    123   4838
91    52719 10249314383796274209      3.458       5.94      0.582   0.355610     91    507    257
92    10524 16294016088715609767      3.446       6.74      0.511   0.408731     92    192   2528
93   151482  7753885003837769943      3.446       6.39      0.539   0.394075     93    315   1115
94     2551  8741236470500265503      3.441       6.09      0.566   0.380791     94    436    484
95    40231  9886392716152192382      3.440       6.99      0.492   0.439318     95    143   4273
96    88752  2878676956734812948      3.440       7.53      0.457   0.403801     96     64   9927
97   109491  6404579423746778754      3.436       6.05      0.568   0.378919     97    460    438
98   158102  8318074808950435816      3.435       7.08      0.485   0.428939     98    127   5160
99    93407  9411197708974200000      3.433       8.33      0.412   0.428661     99     24  23372
100   77334  3265222139936678551      3.431       6.70      0.512   0.406944    100    201   2486

--- Bottom 10 by VPT*duty (worst) ---
rank    idx           orbit_seed        VxD        VPT       duty       RMSE  r_VxD  r_VPT r_duty
199991 170237  2812095383043720915      0.005       0.18      0.029   0.533995 199991 195772 199995
199992  65432 15167650578844024344      0.005       0.16      0.029   0.542337 199992 198295 199992
199993  37534  6990789509098876926      0.005       0.14      0.033   0.539005 199993 198969 199986
199994  67910  3342590602680643552      0.005       0.14      0.032   0.534519 199994 199332 199988
199995 171815  9605561107284314185      0.004       0.16      0.026   0.552197 199995 198331 199998
199996  70761  8867784156140229977      0.004       0.11      0.040   0.542735 199996 199915 199971
199997 137553 14049404312210973956      0.004       0.07      0.058   0.522144 199997 199999 199827
199998 132459  1335251157551200764      0.004       0.09      0.046   0.537362 199998 199986 199940
199999  88542   439625096668775860      0.004       0.13      0.032   0.534037 199999 199735 199989
200000  22512  1939636412968446599      0.003       0.11      0.030   0.548641 200000 199943 199991

--- Top 10 by VPT*duty ---
rank    idx           orbit_seed        VxD        VPT       duty       ic_x       ic_y       ic_z
1     77957  4381562556728633053     6.4850     9.7080     0.6680  -0.726381  -0.719875   0.057424
2     30889  1304211574214059103     5.6965     8.8387     0.6445   0.789896   0.410033   0.405811
3     91013 13485130503103931780     5.6300     9.5994     0.5865  -0.433708  -0.248978   0.698788
4     45632   837812888794294026     5.1094     9.4182     0.5425  -0.067134   0.491764   0.872266
5     86019  6196506513956613942     5.0656     8.3315     0.6080  -0.892236  -0.803448   0.415719
6    115903  6391717741618670871     5.0256     8.4040     0.5980  -0.761951   0.229842   0.251748
7     14738  2053785022979524342     4.8402     9.9797     0.4850  -0.349830  -0.392841   0.343355
8    113845 18122106123368409551     4.7699     9.1466     0.5215   0.335435  -0.600607   0.338598
9     57373  8784796602742712729     4.7539     7.8968     0.6020  -0.803919   0.981847   0.306825
10   172661  7971409694923584353     4.5993     8.5489     0.5380   0.889759  -0.229766   0.657528

--- Top 10 by VPT ---
rank    idx           orbit_seed        VxD        VPT       duty       ic_x       ic_y       ic_z
1     74921   342920212748715133     3.5098    10.6680     0.3290   0.581377   0.488327   0.154388
2     14738  2053785022979524342     4.8402     9.9797     0.4850  -0.349830  -0.392841   0.343355
3     77957  4381562556728633053     6.4850     9.7080     0.6680  -0.726381  -0.719875   0.057424
4     91013 13485130503103931780     5.6300     9.5994     0.5865  -0.433708  -0.248978   0.698788
5     90911  4258066496804509840     4.5300     9.5269     0.4755   0.611603   0.538352   0.240854
6     35792 17906519568822214812     4.1284     9.4907     0.4350  -0.114943   0.622748   0.727548
7    137943  7730991648230479828     3.8532     9.4907     0.4060  -0.782072  -0.868222   0.891720
8    178327  3171901337486448293     3.7676     9.4545     0.3985   0.397864  -0.172283   0.069899
9     45632   837812888794294026     5.1094     9.4182     0.5425  -0.067134   0.491764   0.872266
10   113845 18122106123368409551     4.7699     9.1466     0.5215   0.335435  -0.600607   0.338598

--- Top 10 by duty ---
rank    idx           orbit_seed        VxD        VPT       duty       ic_x       ic_y       ic_z
1    177945 10324327828982616929     1.1397     1.6120     0.7070   0.194273   0.727072   0.322019
2    189960 16164646552719263233     4.3594     6.4298     0.6780  -0.844507   0.643603   0.721839
3    123675  1894102933444757387     3.7984     5.6147     0.6765  -0.409757   0.959800   0.477562
4     55345   640295244288027807     2.3351     3.4594     0.6750   0.650464   0.215995   0.475987
5     77957  4381562556728633053     6.4850     9.7080     0.6680  -0.726381  -0.719875   0.057424
6     59566 10110747642984343387     4.5528     6.8463     0.6650   0.767737  -0.881151   0.001318
7    144115 12268694193385191791     0.7908     1.1954     0.6615  -0.825164  -0.285417   0.602224
8    156172  3650936997131442948     2.2712     3.4413     0.6600   0.067694  -0.486892   0.518859
9    116999   944568725388569575     0.6545     0.9962     0.6570  -0.474366   0.804262   0.250046
10    11324 15393275948032711149     2.1948     3.3688     0.6515  -0.118190  -0.005997   0.817793

Best orbit_seed=4381562556728633053  VxD=6.4850  VPT=9.7080  duty=0.6680
  IC=(-0.726381, -0.719875, 0.057424)  (display only)
  FreeRun(10, 2, 7934791766227647176, /*SR*/0.f, /*IS*/0.f, 4381562556728633053, "C:\HypercubeESN\models\lorenz_seed7934791766227647176_D10_M2");

Cherry-pick: FreeRun with orbit_seed above (not rounded IC floats), same esn_seed and weights path.
