
========================================================================
=== OrbitSweep final report (load-only; one freerun per orbit) ===
========================================================================
DIM=10  M=2  esn_seed=696634088797950509  num_orbits=200000  threads=16
base_orbit_seed=9333312947715283458
weights=C:\HypercubeESN\models\lorenz_seed696634088797950509_D10_M2
ok=200000 / 200000  failed=0
file/stdout keep: top 100 + bottom 10 by VPT*duty (not full table)

note: one freerun per orbit; VxD = VPT*duty for that run.

--- Top 100 by VPT*duty ---
rank    idx           orbit_seed        VxD        VPT       duty       RMSE  r_VxD  r_VPT r_duty
1     16296 13865526853113044951      8.219      13.00      0.632   0.336859      1      1     15
2     61993  9776693947267941955      6.750      11.19      0.603   0.380915      2      4     76
3     29638 18288530344128635005      5.650      12.70      0.445   0.420546      3      2   9516
4    158259  3176892907321841240      5.403      10.90      0.495   0.399571      4      5   2707
5     60829 12335364626077326234      5.368       9.26      0.580   0.384501      5     12    174
6    146093 13585281107395895665      5.301      10.32      0.513   0.376825      6      7   1595
7     24857 13764847233729438969      5.055      11.41      0.443   0.403093      7      3   9970
8     51934 10966813110498538719      4.897       9.51      0.515   0.398498      8     10   1521
9    187225  6662435693939472323      4.897      10.40      0.471   0.393847      9      6   5136
10    77464  3276931137961772672      4.886       8.75      0.558   0.361899     10     18    360
11   199444  4286656764774219017      4.605      10.23      0.450   0.390874     11      8   8536
12   183373 18088457207758016702      4.571       9.31      0.491   0.425834     12     11   3103
13   173237 12118533869493907941      4.473       7.95      0.562   0.378873     13     42    309
14    71980 17510463854999111759      4.395       7.48      0.588   0.364513     14     69    132
15    48764  2870944243156974091      4.355      10.07      0.432   0.394408     15      9  12258
16   159398  8624761617181140639      4.329       7.03      0.616   0.360528     16    127     40
17   116091  1534406498680053337      4.301       6.16      0.699   0.324653     17    372      1
18   137096 17466738826299304465      4.243       8.49      0.499   0.423712     18     23   2446
19    78999 13924490165398991254      4.205       8.20      0.512   0.397362     19     30   1636
20   116757  7926375844385304499      4.179       7.91      0.528   0.381718     20     43   1067
21    38868 11923200177817008647      4.090       7.06      0.579   0.377012     21    119    180
22   191234 14955938385674570043      4.049       7.66      0.528   0.405584     22     59   1041
23   176251 10194925840781660314      4.048       8.02      0.504   0.420581     23     37   2088
24    50834 11607095789044249124      4.039       8.66      0.467   0.430823     24     20   5815
25   126985  1243765520527245168      4.035       9.04      0.447   0.410774     25     13   9164
26   107711 13322737324808124192      4.034       8.86      0.456   0.377696     26     15   7525
27    90550  4454143079386260760      4.031       7.57      0.532   0.408537     27     63    933
28     5562  6123912958362562640      4.028       7.72      0.522   0.416642     28     56   1274
29    70484 14584631542350841199      4.027       7.05      0.572   0.399923     29    124    230
30     7151  4788520481941571570      4.017       7.24      0.554   0.374927     30     94    419
31   172947  2128667641100932770      3.983       7.73      0.515   0.373323     31     53   1520
32    62408  3885244165786719865      3.944       6.63      0.595   0.380567     32    202    103
33    44924  8581485200463026347      3.938       7.75      0.508   0.382000     33     51   1898
34   129094  9912743619467870415      3.927       6.56      0.599   0.374926     34    217     89
35    66024 15371361652931333231      3.886       7.91      0.491   0.404145     35     44   3123
36    46506  9970494325530630076      3.862       6.65      0.581   0.348027     36    195    163
37    38842 13263567627009810064      3.854       7.82      0.492   0.368399     37     45   2987
38   127083 12794327478860313816      3.851       7.03      0.548   0.383886     38    126    541
39   102861 16194069170119677664      3.845       6.21      0.619   0.364590     39    337     36
40    54557 15890009631485843308      3.831       6.61      0.580   0.378502     40    210    177
41   164059  3088035763528345083      3.779       6.85      0.552   0.388506     41    152    467
42    67685 11877963419823736732      3.774       7.34      0.514   0.405634     42     81   1529
43    85833  4959540578336043751      3.752       7.53      0.498   0.392841     43     64   2535
44     6762  7711600403941806176      3.743       7.32      0.511   0.372930     44     83   1666
45   108001  1296435266378059302      3.737       6.54      0.572   0.393008     45    222    233
46    49726  6757781520112060695      3.729       8.60      0.433   0.390884     46     21  12115
47   181142 10234589491436183276      3.726       7.12      0.523   0.379560     47    109   1203
48   166241 17681871131304470666      3.726       6.77      0.550   0.372776     48    162    502
49    35724 11768738287981825854      3.707       5.58      0.664   0.367991     49    753      5
50   152189  6914117291453919534      3.683       6.34      0.581   0.363031     50    293    165
51   105082  2551067031218551486      3.682       6.09      0.605   0.381959     51    403     66
52   188034 16313492311926217856      3.679       6.72      0.547   0.394862     52    175    551
53   192095  7439504238725042080      3.666       7.82      0.469   0.406130     53     46   5503
54    40043  6335755384809932309      3.646       7.05      0.517   0.400333     54    125   1420
55    59702  5146122529698634012      3.637       6.21      0.586   0.390755     55    339    142
56   111896  8512217646372694292      3.592       6.70      0.536   0.371969     56    181    825
57   114472  7109854288753579812      3.586       6.88      0.521   0.404439     57    144   1302
58     6552 15004825060815410467      3.581       5.96      0.601   0.382448     58    489     84
59    62065 17283073744440259953      3.579       8.73      0.410   0.393261     59     19  18968
60    12560 12982291015662933637      3.578       6.01      0.595   0.367728     60    453    105
61    80125 10953109645840671921      3.574       7.35      0.486   0.416114     61     79   3524
62   175885 15446992741764917993      3.561       7.48      0.476   0.402255     62     70   4546
63    14909 12252606589264678726      3.556       6.63      0.536   0.399117     63    205    817
64    32077  7293702255874120636      3.553       8.84      0.402   0.400900     64     16  21619
65   180988  2329597227671761253      3.538       7.19      0.492   0.393576     65    100   3042
66   131665  9252686135580651789      3.524       7.79      0.453   0.403118     66     49   8013
67    54618  6194315708183274324      3.520       8.19      0.430   0.397036     67     31  12938
68    98651 17448004560585805888      3.518       7.06      0.498   0.404620     68    122   2549
69    81547 17264368194300386741      3.495       8.75      0.400   0.424091     69     17  22583
70    56033  4766566614744213331      3.494       8.26      0.423   0.394700     70     28  14948
71    18675   514652224282641668      3.474       6.61      0.525   0.390815     71    208   1147
72    99695  5003385057059987156      3.466       9.00      0.385   0.425212     72     14  28663
73   100846 12002659286510249481      3.466       5.49      0.631   0.352881     73    848     17
74     1283  7073959772802471443      3.463       7.41      0.468   0.449887     74     73   5646
75    43210 11040370374625462747      3.453       6.19      0.557   0.365579     75    354    372
76    88815 12809713061665586509      3.447       7.39      0.467   0.412920     76     74   5772
77   179796  2056215628759119060      3.435       7.37      0.466   0.431459     77     78   5888
78    82998  6431014024334913123      3.430       8.19      0.419   0.445333     78     32  16014
79    61076  6260228750822792583      3.420       7.21      0.474   0.428542     79     97   4679
80   195342  5815252749486711832      3.410       7.26      0.469   0.413874     80     91   5383
81   193531 10960069967320107804      3.404       7.10      0.479   0.404147     81    115   4159
82   188735  3601924134531301282      3.387       6.65      0.509   0.408414     82    192   1799
83   177706 15205177775337537544      3.385       5.74      0.590   0.371903     83    621    128
84   113866 10399319793454066483      3.376       8.37      0.404   0.425467     84     27  21197
85    14785 15326375484718764621      3.375       6.50      0.519   0.387331     85    229   1377
86   109320  4954550345569679661      3.370       7.26      0.464   0.416948     86     88   6137
87    68036  4432743558262834445      3.365       7.10      0.474   0.406717     87    114   4751
88   112174 17171784563921283588      3.364       7.72      0.436   0.396755     88     55  11454
89   193108 15017807855477943514      3.362       7.39      0.455   0.398852     89     75   7631
90    31888 17224258076173623034      3.358       5.96      0.564   0.403628     90    484    303
91     3854 14771504574060039263      3.343       6.72      0.497   0.421873     91    172   2579
92    52695  5460199691730654250      3.336       7.14      0.468   0.395958     92    106   5631
93    27402 11130635962354434775      3.328       6.88      0.483   0.423058     93    145   3794
94    47705 16401755244095825943      3.321       6.39      0.519   0.388742     94    274   1356
95    83836 17954022500460551983      3.318       6.28      0.528   0.411977     95    309   1060
96    96215 13905332962666733636      3.317       5.49      0.605   0.385015     96    841     69
97    30425 15042642280952303893      3.312       6.83      0.485   0.420893     97    153   3630
98    23120 11754774829892165129      3.308       6.56      0.504   0.404716     98    216   2105
99   107055  3226519257793859863      3.307       7.97      0.415   0.443683     99     41  17219
100  190882 14717566214431351527      3.299       8.40      0.393   0.420498    100     25  25374

--- Bottom 10 by VPT*duty (worst) ---
rank    idx           orbit_seed        VxD        VPT       duty       RMSE  r_VxD  r_VPT r_duty
199991 138419 12396056716201658781      0.005       0.18      0.030   0.544729 199991 195859 199987
199992 104208  6788605041732186092      0.005       0.18      0.030   0.530120 199992 196790 199988
199993  39899  1643109863992870049      0.005       0.20      0.026   0.562056 199993 194320 199994
199994  90682  6039189679079762145      0.005       0.14      0.035   0.549423 199994 199660 199977
199995 124018  2510479413658526160      0.004       0.25      0.018   0.542288 199995 184715 199999
199996 194240 10274649323944245974      0.004       0.14      0.028   0.535755 199996 199644 199990
199997  26895  1685409297065563481      0.004       0.11      0.035   0.545556 199997 199999 199975
199998  67910  3342590602680643552      0.004       0.14      0.026   0.542614 199998 199245 199992
199999 137474 16303304287297097112      0.003       0.13      0.024   0.549053 199999 199934 199997
200000  68580 17694326078088232081      0.002       0.20      0.011   0.565551 200000 195178 200000

--- Top 10 by VPT*duty ---
rank    idx           orbit_seed        VxD        VPT       duty       ic_x       ic_y       ic_z
1     16296 13865526853113044951     8.2188    13.0044     0.6320   0.034476   0.880943   0.081551
2     61993  9776693947267941955     6.7495    11.1932     0.6030  -0.190470  -0.659686   0.673938
3     29638 18288530344128635005     5.6499    12.6965     0.4450  -0.710242   0.304354   0.550500
4    158259  3176892907321841240     5.4026    10.9034     0.4955  -0.208217   0.829496   0.281004
5     60829 12335364626077326234     5.3680     9.2552     0.5800   0.531364  -0.990803   0.529043
6    146093 13585281107395895665     5.3013    10.3238     0.5135  -0.318051  -0.114969   0.712565
7     24857 13764847233729438969     5.0549    11.4106     0.4430  -0.191387  -0.234016   0.245891
8     51934 10966813110498538719     4.8970     9.5088     0.5150  -0.252971  -0.564689   0.489519
9    187225  6662435693939472323     4.8967    10.3963     0.4710  -0.606315   0.302907   0.922966
10    77464  3276931137961772672     4.8858     8.7481     0.5585  -0.462032  -0.606234   0.784103

--- Top 10 by VPT ---
rank    idx           orbit_seed        VxD        VPT       duty       ic_x       ic_y       ic_z
1     16296 13865526853113044951     8.2188    13.0044     0.6320   0.034476   0.880943   0.081551
2     29638 18288530344128635005     5.6499    12.6965     0.4450  -0.710242   0.304354   0.550500
3     24857 13764847233729438969     5.0549    11.4106     0.4430  -0.191387  -0.234016   0.245891
4     61993  9776693947267941955     6.7495    11.1932     0.6030  -0.190470  -0.659686   0.673938
5    158259  3176892907321841240     5.4026    10.9034     0.4955  -0.208217   0.829496   0.281004
6    187225  6662435693939472323     4.8967    10.3963     0.4710  -0.606315   0.302907   0.922966
7    146093 13585281107395895665     5.3013    10.3238     0.5135  -0.318051  -0.114969   0.712565
8    199444  4286656764774219017     4.6050    10.2333     0.4500  -0.469002   0.204244   0.544182
9     48764  2870944243156974091     4.3554    10.0703     0.4325  -0.184364   0.645898   0.368802
10    51934 10966813110498538719     4.8970     9.5088     0.5150  -0.252971  -0.564689   0.489519

--- Top 10 by duty ---
rank    idx           orbit_seed        VxD        VPT       duty       ic_x       ic_y       ic_z
1    116091  1534406498680053337     4.3014     6.1581     0.6985   0.871591  -0.933359   0.871334
2    169903 15474260265612044584     1.5316     2.2640     0.6765   0.949042   0.850287   0.450171
3    149657 14460170545177028538     1.8851     2.8074     0.6715  -0.065347  -0.812907   0.840834
4     12260 12644522183424269067     0.5661     0.8513     0.6650  -0.426894  -0.642297   0.076799
5     35724 11768738287981825854     3.7069     5.5785     0.6645  -0.423988   0.012937   0.669115
6    174099  2943685304664649340     0.2878     0.4347     0.6620  -0.307710   0.027019   0.956169
7    189384  6365463145051510213     0.6235     0.9418     0.6620   0.017107  -0.358678   0.525874
8     67163 14727912885491844668     0.6593     1.0143     0.6500  -0.891205   0.977176   0.676836
9     61245  5116095824418841478     0.5058     0.7788     0.6495  -0.068216   0.846049   0.474835
10    36827 14535772779967919879     1.8808     2.8979     0.6490  -0.661485   0.186972   0.289072

Best orbit_seed=13865526853113044951  VxD=8.2188  VPT=13.0044  duty=0.6320
  IC=(0.034476, 0.880943, 0.081551)  (display only)
  FreeRun(10, 2, 696634088797950509, /*SR*/0.f, /*IS*/0.f, 13865526853113044951, "C:\HypercubeESN\models\lorenz_seed696634088797950509_D10_M2");

Cherry-pick: FreeRun with orbit_seed above (not rounded IC floats), same esn_seed and weights path.
