
========================================================================
=== OrbitSweep final report (load-only; one freerun per orbit) ===
========================================================================
DIM=10  M=2  esn_seed=7934791766227647176  num_orbits=200000  threads=16
base_orbit_seed=9333312947715283458
weights=C:\HypercubeESN\models\lorenz_seed7934791766227647176_D10_M2
ok=200000 / 200000  failed=0
file/stdout keep: top 100 + bottom 10 by VPT*duty (not full table)

note: one freerun per orbit; VxD = VPT*duty for that run.

--- Top 100 by VPT*duty ---
rank    idx           orbit_seed        VxD        VPT       duty       RMSE  r_VxD  r_VPT r_duty
1    157487 17034429967675367593      8.242      12.88      0.640   0.367135      1      1     22
2    158360 15349025056977910974      6.944      12.66      0.548   0.367741      2      2    671
3      6499 16853515497947433788      6.330      10.09      0.627   0.352026      3      6     31
4     39960 14075854228566949871      6.075      12.55      0.484   0.414246      4      3   4406
5     54935  2813700339804308522      5.440       9.53      0.571   0.374139      5     14    308
6    118870 17895030205225150840      5.437      11.21      0.485   0.409176      6      4   4309
7    175892  2620663683438014449      5.437       9.00      0.604   0.392647      7     22     92
8     62659   637282599286846848      5.277       7.48      0.706   0.335353      8    120      1
9    130660  3409481982993521927      5.225       9.36      0.558   0.384127      9     15    496
10   185598 17310421014736502081      5.133      10.02      0.512   0.384838     10      7   2035
11   166386 11419208769388908632      4.943       9.80      0.504   0.402033     11     10   2596
12   105317  6648457941567363436      4.884       7.99      0.612   0.361840     12     67     74
13   158216 10961981896652782360      4.795       8.11      0.591   0.377089     13     57    151
14   152087 11207929325400713910      4.581       9.80      0.468   0.423534     14      9   6495
15     2514 10745040052392068737      4.567       7.37      0.620   0.381031     15    142     49
16   115195  4074929262064231868      4.552       9.65      0.471   0.412663     16     12   5913
17    31230 14300455849191190064      4.532       9.11      0.497   0.402242     17     19   3131
18    68141   788843767021867779      4.509      10.52      0.428   0.429978     18      5  14845
19   130335 14972405719828119431      4.466       8.77      0.509   0.392656     19     31   2229
20   182670  7607833968305456538      4.453       8.39      0.531   0.405572     20     44   1180
21   117443  6794998781838023113      4.427       8.37      0.529   0.378922     21     46   1277
22   159636 16477725774391414455      4.374       9.07      0.482   0.403294     22     21   4577
23     3351  8767696535678931225      4.352       8.57      0.508   0.391227     23     39   2308
24    11476 10847978231623456357      4.304       6.65      0.647   0.373530     24    334     18
25    96995 13327076525310412435      4.266       9.27      0.460   0.412013     25     16   7751
26   153354 16486779397316469719      4.243       6.97      0.609   0.377953     26    223     82
27    17682  1804510585086054958      4.242       7.53      0.563   0.380771     27    113    400
28     8650 14157901851270722874      4.232       7.15      0.592   0.380210     28    189    147
29    93423 18210631918705297206      4.228       7.68      0.550   0.404201     29     95    632
30   181798  6302321916956035681      4.221       7.52      0.561   0.403519     30    115    421
31   166771  7829335876383156070      4.210       9.78      0.430   0.435769     31     11  14353
32    95869  8520490542642408074      4.205       7.37      0.571   0.397920     32    140    315
33    35792 17906519568822214812      4.193       8.15      0.514   0.406174     33     53   1945
34    43001 12159612611399881002      4.174       7.01      0.596   0.390815     34    216    127
35   127987 13440335692247609190      4.159       7.59      0.548   0.393129     35    107    684
36    40328 16106291295088306186      4.134       7.46      0.554   0.405722     36    127    563
37   126090  8590591686725376562      4.132       8.98      0.460   0.415363     37     23   7748
38   156794 15516964762373053600      4.119       7.46      0.552   0.382627     38    125    604
39   154019  8174110270452660832      4.111       8.01      0.513   0.379376     39     66   1974
40   170556 16573898666099095426      4.099       7.86      0.521   0.399377     40     75   1574
41    51484  9786320854383394058      4.093       7.08      0.578   0.387082     41    197    232
42    99004  5556545362013495366      4.090       9.64      0.424   0.431525     42     13  15931
43    87450  2377725514101139569      4.086       7.46      0.547   0.386387     43    128    702
44   144754   517148718386548884      4.079       8.24      0.495   0.385142     44     51   3388
45   132818 15519187386182774251      4.051       7.84      0.516   0.412227     45     78   1819
46    18335  3044621130077544599      4.050       7.32      0.553   0.390463     46    150    574
47    56359  9908312604724951019      4.039       9.13      0.443   0.406261     47     17  11268
48   115903  6391717741618670871      4.037       7.06      0.572   0.362427     48    202    298
49    78300   113817966883563170      4.017       6.48      0.620   0.360404     49    414     51
50    50917 18213950931035944269      4.005       8.60      0.466   0.414188     50     37   6783
51   195659  1882372501848622073      4.005       7.97      0.502   0.398973     51     68   2742
52   170098  4096883369625750681      3.976       6.76      0.589   0.373260     52    288    164
53   112358  7826530853110862832      3.970       7.24      0.548   0.377137     53    161    693
54   120685  8626030328106835475      3.962       7.26      0.545   0.414105     54    158    745
55   195740 14355705417946614010      3.951       7.88      0.501   0.418534     55     72   2799
56    99525 14966441196945984771      3.945       7.08      0.557   0.391342     56    200    506
57   108607   776581751129096465      3.929       7.57      0.519   0.397271     57    110   1674
58    88015  7053501030068803005      3.926       6.92      0.568   0.409922     58    244    348
59   106572 12382559368974778706      3.925       7.37      0.532   0.372703     59    145   1129
60    90675 10464300619305746662      3.908       8.80      0.444   0.422949     60     29  10958
61   199377 11708952281265352834      3.903       7.28      0.536   0.412415     61    157   1020
62   152030 14338665556133324384      3.899       6.88      0.567   0.372648     62    255    359
63   112633   838660540997924673      3.895       7.57      0.514   0.393108     63    109   1943
64    90396 12184999558402388829      3.876       7.30      0.531   0.400936     64    152   1176
65    96290  9485125189311093735      3.875       7.64      0.507   0.411767     65     99   2397
66    90227  6325877718823384961      3.871       6.88      0.562   0.404802     66    254    403
67    50430  8477027941199854986      3.857       7.21      0.535   0.391655     67    173   1042
68   102979 15758502427406008794      3.854       7.19      0.536   0.401794     68    182   1016
69   154582  5150118634663873470      3.841       6.23      0.617   0.372452     69    551     64
70    66962  6102192245872125606      3.800       7.41      0.513   0.395877     70    136   2000
71    44369  7402797031022131121      3.792       6.47      0.587   0.375538     71    423    172
72   119511 10400271766317284533      3.789       7.86      0.482   0.399749     72     77   4620
73   164285 12206911010226111082      3.786       8.42      0.450   0.427848     73     41   9766
74    13094 14545473255620783311      3.770       7.30      0.516   0.403335     74    156   1818
75       95 13595578033831207851      3.770       8.84      0.426   0.432651     75     27  15385
76    76229 18335730587855780180      3.764       8.04      0.468   0.426876     76     61   6478
77    35452 14885875940751321637      3.746       8.93      0.419   0.442236     77     25  17432
78   108858 10024526834877563810      3.741       7.53      0.496   0.395155     78    114   3234
79   134868 14019017719454744935      3.727       7.72      0.483   0.424090     79     92   4517
80   185072 17978908195517037457      3.723       8.73      0.426   0.407548     80     34  15473
81   178826  7378018671113909642      3.719       7.59      0.490   0.408790     81    106   3811
82   101068   232924410072242801      3.710       7.48      0.496   0.409430     82    122   3262
83    44565 17959975573723990389      3.709       7.21      0.514   0.417127     83    172   1928
84   184243 16916860434942769645      3.709       8.59      0.432   0.414787     84     38  13870
85    93012  2175210092110074146      3.702       9.07      0.408   0.420843     85     20  21344
86   152125   130567591456317962      3.694       6.81      0.542   0.395862     86    269    825
87   128816  7621214112301146536      3.689       5.61      0.657   0.350254     87   1039     12
88   162767  3946495198600935388      3.679       7.86      0.468   0.410450     88     76   6457
89    59482  6753431140154726473      3.676       8.78      0.418   0.414207     89     30  17750
90   145926 14051111478121637456      3.668       6.90      0.531   0.413405     90    246   1160
91   134086  4046109452810548481      3.658       7.73      0.473   0.393877     91     88   5736
92   181616 10928212122785484510      3.650       8.31      0.439   0.410426     92     48  12086
93     4769  8420720119738482725      3.647       8.42      0.433   0.433221     93     43  13630
94     4952 17607070647965952798      3.642       7.23      0.504   0.408200     94    168   2615
95   128467 13547060852596639881      3.640       7.17      0.507   0.418327     95    183   2345
96   178353 15617142329504346641      3.590       8.37      0.429   0.430924     96     45  14770
97   101470 12264823803313391166      3.573       5.22      0.685   0.328124     97   1614      2
98     6233  2606992268723629024      3.570       7.03      0.508   0.398828     98    209   2325
99   162433 10955925994534456228      3.570       9.94      0.359   0.428291     99      8  44850
100   10071 13333276806098430263      3.564       7.82      0.456   0.437278    100     79   8565

--- Bottom 10 by VPT*duty (worst) ---
rank    idx           orbit_seed        VxD        VPT       duty       RMSE  r_VxD  r_VPT r_duty
199991  32490  3004650523330399210      0.006       0.14      0.038   0.528657 199991 199475 199983
199992 141793 13032798324984843043      0.005       0.07      0.071   0.544285 199992 200000 199651
199993  13419 14606936216727107412      0.005       0.22      0.024   0.540158 199993 191053 199998
199994 118270 13019138705198959577      0.005       0.14      0.035   0.539124 199994 199669 199990
199995 106708 18331353877916042195      0.005       0.16      0.030   0.523481 199995 198302 199994
199996  58237  5575508564299395141      0.004       0.18      0.024   0.525897 199996 196132 199997
199997  12169 12464690501329102661      0.004       0.18      0.022   0.533002 199997 197624 199999
199998  25542 11791573783820473274      0.004       0.13      0.032   0.536942 199998 199848 199993
199999 174077   771831120562978439      0.003       0.11      0.032   0.553071 199999 199968 199992
200000  37585  7052916937787467782      0.002       0.14      0.013   0.547455 200000 199644 200000

--- Top 10 by VPT*duty ---
rank    idx           orbit_seed        VxD        VPT       duty       ic_x       ic_y       ic_z
1    157487 17034429967675367593     8.2417    12.8776     0.6400  -0.253227  -0.744566   0.243145
2    158360 15349025056977910974     6.9442    12.6603     0.5485  -0.755860   0.418696   0.621808
3      6499 16853515497947433788     6.3305    10.0884     0.6275  -0.943187   0.806076   0.959084
4     39960 14075854228566949871     6.0750    12.5516     0.4840   0.164568   0.437326   0.422470
5     54935  2813700339804308522     5.4399     9.5269     0.5710   0.476475   0.542144   0.033782
6    118870 17895030205225150840     5.4375    11.2113     0.4850  -0.168983  -0.144444   0.271943
7    175892  2620663683438014449     5.4370     9.0017     0.6040   0.575038   0.085883   0.025997
8     62659   637282599286846848     5.2773     7.4803     0.7055  -0.353390  -0.377356   0.485194
9    130660  3409481982993521927     5.2251     9.3639     0.5580  -0.220915   0.711192   0.580331
10   185598 17310421014736502081     5.1332    10.0159     0.5125  -0.063549   0.503848   0.775914

--- Top 10 by VPT ---
rank    idx           orbit_seed        VxD        VPT       duty       ic_x       ic_y       ic_z
1    157487 17034429967675367593     8.2417    12.8776     0.6400  -0.253227  -0.744566   0.243145
2    158360 15349025056977910974     6.9442    12.6603     0.5485  -0.755860   0.418696   0.621808
3     39960 14075854228566949871     6.0750    12.5516     0.4840   0.164568   0.437326   0.422470
4    118870 17895030205225150840     5.4375    11.2113     0.4850  -0.168983  -0.144444   0.271943
5     68141   788843767021867779     4.5091    10.5231     0.4285   0.572049   0.636337   0.045064
6      6499 16853515497947433788     6.3305    10.0884     0.6275  -0.943187   0.806076   0.959084
7    185598 17310421014736502081     5.1332    10.0159     0.5125  -0.063549   0.503848   0.775914
8    162433 10955925994534456228     3.5697     9.9435     0.3590  -0.867669  -0.875069   0.416122
9    152087 11207929325400713910     4.5808     9.7986     0.4675   0.249108   0.590191   0.109745
10   166386 11419208769388908632     4.9434     9.7986     0.5045   0.384572  -0.608848   0.932120

--- Top 10 by duty ---
rank    idx           orbit_seed        VxD        VPT       duty       ic_x       ic_y       ic_z
1     62659   637282599286846848     5.2773     7.4803     0.7055  -0.353390  -0.377356   0.485194
2    101470 12264823803313391166     3.5731     5.2163     0.6850  -0.899990  -0.964701   0.969551
3    138846 15478313029331412938     0.9408     1.3765     0.6835  -0.674101  -0.648767   0.411335
4    130880  1076196407614520047     0.6113     0.9056     0.6750  -0.641586  -0.508641   0.046799
5    191484 12359160434498424972     2.2428     3.3326     0.6730  -0.638854   0.130629   0.606938
6     89201  7829156670970364589     1.7651     2.6444     0.6675   0.117225   0.236659   0.069476
7    136845 11202990479901095597     0.5059     0.7607     0.6650  -0.409970  -0.926930   0.816600
8     89015 11113225473945388885     2.7681     4.1658     0.6645   0.896508   0.665549   0.298857
9    102318  6234920791782025840     1.0439     1.5757     0.6625   0.981143  -0.012401   0.964364
10    89114  9735371511599416245     3.4614     5.2525     0.6590   0.683007  -0.036631   0.489209

Best orbit_seed=17034429967675367593  VxD=8.2417  VPT=12.8776  duty=0.6400
  IC=(-0.253227, -0.744566, 0.243145)  (display only)
  FreeRun(10, 2, 7934791766227647176, /*SR*/0.f, /*IS*/0.f, 17034429967675367593, "C:\HypercubeESN\models\lorenz_seed7934791766227647176_D10_M2");

Cherry-pick: FreeRun with orbit_seed above (not rounded IC floats), same esn_seed and weights path.
