
========================================================================
=== SeedSweep final report (top-10% freerun means) ===
========================================================================
DIM=10  M=2  num_seeds=800  threads=16  epochs=100  freerun_runs=1000
base_esn_seed=1002999015000000000  base_orbit_seed=9333312947715283458
ok=800 / 800

--- All seeds (sorted by mean VPT*duty) ---
note: VxD_mn is mean of top-10% (VPT*duty) products, not VPT_mn*duty_mn (top-10% pools are independent per metric).
rank    idx             esn_seed     VxD_mn     VPT_mn    duty_mn    RMSE_mn  r_VxD  r_VPT r_duty
1       656  7934791766227647176      1.393       3.85      0.457   0.425767      1      1     87
2        63  1696850237745360670      1.318       3.59      0.467   0.421626      2      5     19
3       622  4723812418940669644      1.289       3.59      0.453   0.425175      3      6    120
4       559 13660429474672275760      1.280       3.52      0.466   0.421432      4     15     30
5        79 13855727669952034446      1.280       3.65      0.456   0.418053      5      2     95
6       526 11107079897963074050      1.275       3.52      0.467   0.421229      6     18     21
7        93  5317305358098383147      1.270       3.56      0.454   0.420668      7      8    108
8       424 17717349217495225269      1.270       3.45      0.466   0.421728      8     39     26
9       702 14289311299760950470      1.268       3.51      0.458   0.426177      9     23     76
10      719  4944595549670057741      1.263       3.64      0.458   0.423075     10      3     84
11       35 11785351815653675194      1.262       3.63      0.443   0.425635     11      4    228
12      201 17606392660029804566      1.262       3.39      0.463   0.423512     12     74     49
13      626  5420590994017214844      1.260       3.48      0.458   0.422546     13     28     82
14      743 12609283919093229310      1.255       3.44      0.449   0.419881     14     46    165
15       80 14793822456511150436      1.253       3.42      0.464   0.423506     15     54     46
16      560  9426164090239980089      1.252       3.51      0.454   0.424852     16     21    114
17      412  6755803033490384922      1.251       3.51      0.435   0.421244     17     24    305
18      308 18378382162245915791      1.251       3.46      0.450   0.427332     18     37    152
19      397  2096962672418366145      1.243       3.54      0.447   0.414792     19     11    173
20       44 13452365402855698419      1.242       3.52      0.459   0.424790     20     16     73
21       22  5926076389761409934      1.242       3.48      0.462   0.423712     21     26     57
22      524 10402359954153541494      1.241       3.43      0.443   0.424663     22     48    225
23      698  5125114749958504320      1.241       3.41      0.462   0.424018     23     56     53
24      400  3669394865317059207      1.241       3.51      0.456   0.421774     24     19     96
25      543  7742186448588896457      1.239       3.46      0.452   0.424242     25     38    137
26      551  7312411610710822227      1.238       3.52      0.453   0.422305     26     17    125
27      727 10445469505670146767      1.237       3.55      0.450   0.424620     27     10    159
28      362  9866759805445969471      1.235       3.41      0.444   0.397645     28     64    220
29      472 12448695259486466294      1.235       3.43      0.463   0.409880     29     49     48
30      536  5840511457122003325      1.233       3.47      0.458   0.420766     30     30     79
31      541   758712030103328587      1.231       3.53      0.446   0.424587     31     13    198
32      793 15055672409778594410      1.231       3.39      0.459   0.423740     32     72     71
33      282 16774336351598620865      1.231       3.36      0.469   0.420664     33     96     15
34      713 16204465698469000359      1.226       3.44      0.461   0.420868     34     44     59
35      783  9105407814512073881      1.225       3.56      0.453   0.425085     35      9    118
36      141 10170285745480955527      1.225       3.41      0.446   0.424820     36     63    190
37      715   696634088797950509      1.224       3.33      0.463   0.421320     37    112     47
38      736  4607093582404268894      1.223       3.38      0.455   0.423807     38     78    103
39      403  1604231934817132780      1.223       3.45      0.449   0.425207     39     40    163
40      595 14492950121814913990      1.222       3.39      0.465   0.422559     40     70     38
41       64  8370544324519749614      1.220       3.51      0.450   0.419477     41     20    154
42      694  6880818472563277916      1.220       3.43      0.449   0.424167     42     50    164
43      671  4704684974054747738      1.219       3.38      0.467   0.421279     43     77     25
44      657 15806710405114863993      1.216       3.34      0.473   0.422673     44    111      8
45      548 14612242496217648679      1.215       3.28      0.466   0.420265     45    161     27
46      764 11578689765325901978      1.213       3.35      0.464   0.423457     46    103     43
47      312 10945602548729668910      1.213       3.46      0.445   0.424104     47     36    208
48      215  9419813872687931456      1.213       3.36      0.465   0.420358     48     93     35
49      158 16659754858292628237      1.213       3.27      0.471   0.424033     49    164     11
50      385  9763218741557428867      1.212       3.34      0.450   0.425726     50    108    157
51       74 16524137892421967850      1.211       3.25      0.472   0.420891     51    187     10
52      368  9175410075361841188      1.210       3.51      0.441   0.428890     52     22    246
53      179  7886480911456533748      1.209       3.42      0.447   0.425511     53     53    187
54      666 15819987999899501331      1.207       3.29      0.459   0.423343     54    147     72
55      143 18445856719646111938      1.205       3.45      0.447   0.426642     55     41    183
56      157 17703441207982851638      1.204       3.48      0.464   0.424716     56     29     40
57      758  8371595388205647642      1.204       3.42      0.463   0.423969     57     55     50
58      154  2359805776836175054      1.204       3.39      0.469   0.422553     58     75     16
59      210  4241674426350903029      1.203       3.42      0.460   0.424561     59     51     66
60       17 13769974450290969021      1.202       3.33      0.457   0.419066     60    119     91
61      222 17152358511065608057      1.199       3.45      0.464   0.421839     61     42     45
62      307  1423515048110217007      1.197       3.47      0.440   0.425410     62     32    254
63      214  8927680972127330078      1.196       3.31      0.477   0.422062     63    131      3
64      528  1844112079097078281      1.195       3.28      0.467   0.421132     64    156     22
65      792 17290233802289316557      1.194       3.29      0.475   0.422572     65    150      4
66      262 11555333072972940765      1.191       3.41      0.444   0.423024     66     65    214
67      720 10104290398794581432      1.190       3.49      0.420   0.420276     67     25    432
68      780 13601108812215295874      1.190       3.46      0.443   0.426984     68     35    233
69      126  2633690831389363879      1.190       3.38      0.446   0.427874     69     82    189
70      722 16230652217437670336      1.190       3.46      0.426   0.428061     70     34    383
71      455 15567642038561310690      1.189       3.33      0.465   0.421318     71    120     34
72      360 13233193657990621209      1.189       3.38      0.454   0.423940     72     76    112
73      529 18188267400078704734      1.189       3.31      0.448   0.424097     73    132    169
74      496  9759927329523687160      1.188       3.45      0.442   0.423700     74     43    241
75      738  8543090304789037507      1.188       3.30      0.454   0.422856     75    140    106
76      640 18088544380830031292      1.188       3.28      0.461   0.426263     76    153     60
77      419  8371646521006583681      1.187       3.39      0.441   0.411409     77     73    245
78      438 16327506298630702233      1.187       3.37      0.460   0.421264     78     86     62
79      644 13721093152211515222      1.186       3.39      0.446   0.427290     79     68    197
80        3 17306671139263608454      1.184       3.28      0.457   0.419632     80    158     88
81      531 17180349175808754359      1.184       3.58      0.434   0.426364     81      7    319
82      212 13001334887217455578      1.183       3.32      0.447   0.423333     82    125    175
83      145  9025652768925358328      1.183       3.38      0.437   0.418219     83     81    285
84       98 14020678451309944397      1.183       3.31      0.452   0.421517     84    128    136
85      405  6206058231097677387      1.182       3.48      0.435   0.421268     85     27    311
86      726 17675832303707727604      1.181       3.32      0.447   0.423342     86    124    178
87      171 12766001914402762824      1.181       3.47      0.443   0.423675     87     31    222
88       41  9900506342981259096      1.179       3.36      0.449   0.425279     88     91    162
89      549 15079975640603413742      1.178       3.24      0.481   0.420600     89    196      1
90      277   242463388547793790      1.177       3.36      0.453   0.425243     90     92    122
91        8  5805958870133268815      1.175       3.46      0.428   0.416746     91     33    367
92      729 13129376564932461054      1.174       3.43      0.433   0.428626     92     47    328
93      135  1402167769656062409      1.174       3.27      0.436   0.423230     93    162    295
94      244 17402954548797702716      1.174       3.23      0.450   0.427183     94    214    155
95      577  7861893771847890690      1.173       3.42      0.461   0.422451     95     52     61
96      273 11615385820683652101      1.173       3.36      0.448   0.405249     96     97    168
97      610 10201570615112633806      1.173       3.33      0.459   0.424815     97    118     68
98      703  5291606515930983683      1.172       3.38      0.456   0.426929     98     80     97
99      567 10533844300617944104      1.171       3.53      0.428   0.427144     99     12    371
100     254 15886750120299046464      1.171       3.40      0.412   0.423305    100     67    492
101      86  1826540127586587226      1.171       3.31      0.435   0.421723    101    133    303
102     582 12455552568941260104      1.171       3.35      0.447   0.425541    102    106    179
103     364  3799821911787280639      1.170       3.39      0.431   0.426164    103     69    340
104     288  6461037296157168862      1.170       3.41      0.450   0.407974    104     59    150
105     108 16216778157713721617      1.170       3.30      0.450   0.417787    105    135    156
106     445 16382734682503548658      1.168       3.35      0.443   0.423494    106     99    232
107     512  4083348629481017353      1.168       3.53      0.429   0.394082    107     14    365
108     339  2500027868330265707      1.166       3.22      0.470   0.423165    108    218     13
109     118  1792731516334516334      1.166       3.29      0.449   0.418422    109    146    160
110     188  5330595307729750981      1.166       3.37      0.447   0.412344    110     84    186
111     248 14976414781522632523      1.164       3.38      0.461   0.424361    111     79     58
112     757  7533945665949254048      1.164       3.15      0.462   0.416199    112    288     56
113     658 16948909755943119159      1.164       3.37      0.458   0.426460    113     87     80
114     193  1934213336504735520      1.164       3.32      0.466   0.422150    114    123     28
115     454  3025295971956058150      1.163       3.19      0.473   0.424219    115    251      7
116     349 16478396785289300648      1.162       3.31      0.440   0.419429    116    130    256
117     525  2087325332152415505      1.162       3.30      0.450   0.424509    117    134    153
118     354  1314342829607705822      1.160       3.41      0.451   0.422767    118     57    149
119     731  4097691284344713429      1.159       3.20      0.458   0.424537    119    242     83
120     190 14654206641214420433      1.159       3.44      0.437   0.428452    120     45    284
121     796  8078643105265855797      1.156       3.36      0.457   0.424697    121     94     86
122     625 12952734967670709627      1.156       3.36      0.433   0.408859    122     95    325
123     421  5950387873392747826      1.156       3.27      0.464   0.423588    123    165     42
124     482 17898855242919789465      1.155       3.33      0.448   0.419843    124    115    171
125     250  6127913292760207042      1.155       3.31      0.452   0.411000    125    129    134
126     383  6499987172306447590      1.154       3.34      0.459   0.423809    126    110     74
127     794  4950050133777070656      1.154       3.27      0.462   0.422879    127    166     55
128     156  7646174053167182904      1.153       3.35      0.436   0.428293    128    107    297
129      15 13525792340985291652      1.152       3.26      0.473   0.410331    129    174      9
130     398   380596127885390494      1.152       3.24      0.465   0.422499    130    198     32
131     576 15517478937733963612      1.150       3.29      0.467   0.424379    131    149     20
132     467 14666414596809459891      1.149       3.18      0.462   0.426556    132    268     52
133      60  3051833528260010008      1.149       3.41      0.446   0.423717    133     60    200
134     301  3079493423467196890      1.149       3.41      0.440   0.425934    134     61    253
135     276  6722263477670844183      1.148       3.35      0.440   0.406730    135    104    252
136     617 16334572903455184609      1.148       3.19      0.477   0.424939    136    252      2
137      28 13742762043756604541      1.148       3.29      0.451   0.401981    137    145    145
138     466 10448911655312873147      1.147       3.37      0.453   0.425074    138     88    133
139     613  2751265854683554772      1.146       3.35      0.452   0.419491    139    100    140
140     532 14633070693533867896      1.145       3.28      0.453   0.427783    140    160    128
141      77 16955438889332678352      1.144       3.35      0.434   0.397528    141    102    320
142     491  8956202093370491945      1.144       3.18      0.457   0.425243    142    261     89
143     153  3087023548853614822      1.142       3.25      0.447   0.424989    143    184    172
144     674  4936766045308459786      1.141       3.29      0.442   0.426305    144    144    235
145     510  7517724635357604682      1.141       3.32      0.436   0.425267    145    122    296
146     663 12867917538253474736      1.139       3.23      0.446   0.424885    146    210    192
147      49  3525181187776282391      1.138       3.39      0.433   0.420786    147     71    331
148     283  3956660021467684436      1.138       3.41      0.422   0.404678    148     58    415
149     742  5509621597049145229      1.137       3.30      0.471   0.421850    149    137     12
150     318   195788006902685462      1.135       3.25      0.451   0.426830    150    195    144
151      94  7544318866884135569      1.135       3.26      0.458   0.423640    151    171     85
152     732  8996600883823119658      1.134       3.29      0.474   0.417643    152    152      6
153     710 10654561239794450141      1.134       3.21      0.448   0.427193    153    233    170
154     402  4833447179671716719      1.134       3.21      0.453   0.423167    154    231    129
155     766 16861227721867454948      1.133       3.22      0.453   0.421546    155    221    126
156      83  4220362218700801006      1.133       3.30      0.444   0.425522    156    143    213
157     105  4336298447335178696      1.131       3.25      0.453   0.422018    157    191    130
158     174 15646264522418620364      1.131       3.37      0.446   0.425444    158     89    196
159     791  6850581541679997683      1.131       3.21      0.462   0.422080    159    238     54
160     759  2753219362205052851      1.130       3.33      0.445   0.425435    160    117    206
161     499  6504489097291596821      1.130       3.27      0.453   0.427570    161    169    121
162     109  2992651900257042312      1.130       3.35      0.427   0.428197    162     98    380
163     139  4339718421267049102      1.129       3.37      0.440   0.425264    163     85    261
164     615  9535208030815745074      1.129       3.19      0.447   0.421389    164    248    180
165     164   470108718841627811      1.129       3.19      0.454   0.426683    165    254    115
166      57 17767764731956844073      1.128       3.30      0.445   0.423647    166    136    202
167     213  3735287202023902561      1.128       3.25      0.468   0.422498    167    183     17
168     533 11568142620312333309      1.127       3.33      0.467   0.421884    168    116     24
169     646  5202784630985872391      1.127       3.24      0.419   0.428017    169    199    441
170       9 13265426551472630865      1.127       3.33      0.441   0.422828    170    114    251
171     107   752739322602311364      1.127       3.28      0.421   0.432681    171    155    419
172     521  8585937902693122814      1.126       3.35      0.453   0.412516    172    101    132
173      81 12805779382161377842      1.126       3.22      0.452   0.422856    173    219    138
174     693 17493007619606900842      1.126       3.25      0.447   0.422603    174    188    176
175      43 17232890835670202906      1.126       3.30      0.420   0.398739    175    141    429
176     774  2234612559048934080      1.124       3.26      0.435   0.422071    176    173    312
177      91 10645298449229141243      1.124       3.18      0.455   0.420140    177    262     99
178     591  8982357012682103037      1.123       3.15      0.465   0.423931    178    284     39
179     776 14831794971818819797      1.123       3.40      0.442   0.427238    179     66    238
180     754  3044325672790866220      1.122       3.32      0.435   0.424286    180    126    313
181     136  2643365640810695369      1.122       3.21      0.436   0.419281    181    229    294
182     507 16903177617840625325      1.122       3.21      0.445   0.427703    182    227    203
183       4  1296734873149627592      1.121       3.15      0.458   0.418507    183    282     75
184     699  6941884764013069193      1.120       3.23      0.427   0.407146    184    206    376
185      34 16710125285188082108      1.119       3.26      0.437   0.428522    185    172    291
186     187  1421305765415891951      1.119       3.20      0.465   0.410792    186    245     36
187     476 17579399301286970293      1.119       3.23      0.454   0.426294    187    205    111
188     204  7155349703358211036      1.118       3.21      0.442   0.425978    188    230    240
189      45 15090815952120869743      1.118       3.27      0.439   0.429040    189    163    267
190     295  3749843119342785247      1.117       3.26      0.433   0.423907    190    180    324
191     463  4927414089309372580      1.116       3.33      0.424   0.411352    191    113    396
192     530  2315106706479276289      1.115       3.22      0.451   0.416767    192    222    141
193     767  2175971371729958429      1.115       3.15      0.455   0.421223    193    283    100
194     763 15080052123105960825      1.115       3.23      0.417   0.416548    194    213    447
195     730  7452297661755061350      1.114       3.11      0.459   0.422537    195    319     69
196      42 15444161686625453692      1.113       3.41      0.430   0.407229    196     62    349
197     426  9575079974366745983      1.112       3.30      0.447   0.426828    197    139    188
198     589  2755939605678772822      1.111       3.28      0.430   0.428636    198    154    348
199     348  6869155468901618632      1.111       3.22      0.443   0.397657    199    220    229
200     378 16494960894308859594      1.111       3.15      0.460   0.427847    200    285     63
201     239 18304654272684026217      1.111       3.23      0.446   0.423664    201    209    194
202     451 11108150664209214610      1.111       3.26      0.430   0.427125    202    176    358
203     415  5031521178429519789      1.109       3.17      0.458   0.417859    203    273     78
204     326   275690289431049217      1.109       3.24      0.450   0.406390    204    202    151
205     696 15075519048733393169      1.108       3.15      0.466   0.427618    205    289     29
206     140  4653726255977615636      1.108       3.37      0.430   0.423326    206     90    351
207     673 11951320906347421245      1.108       3.25      0.442   0.419500    207    182    239
208     653  7316217146636223932      1.107       3.29      0.442   0.428378    208    148    237
209     611 15600303968632707817      1.107       3.24      0.445   0.426063    209    197    210
210      65  7352694515232363064      1.106       3.18      0.455   0.422521    210    266    102
211      88 13233468016012363934      1.106       3.12      0.454   0.424681    211    316    109
212     304  8437987461820599503      1.106       3.21      0.441   0.412444    212    225    244
213      87  1301153329266374101      1.105       3.22      0.460   0.421097    213    215     64
214     300 14878465646623800407      1.105       3.24      0.436   0.415384    214    200    299
215     565  3745255837981709705      1.105       3.32      0.420   0.423131    215    121    430
216     132 12076898892837474840      1.105       3.13      0.454   0.420783    216    304    113
217     297  1508652764589495505      1.104       3.35      0.451   0.418982    217    105    142
218     480 15968712439549896770      1.103       3.24      0.445   0.416902    218    201    205
219     498 13433985302971783278      1.103       3.30      0.440   0.409478    219    142    257
220     306  4306919082952425427      1.103       3.21      0.444   0.425330    220    240    215
221     211 16071673280151135859      1.103       3.21      0.440   0.425010    221    236    259
222     178   613590340683033233      1.102       3.21      0.448   0.424412    222    239    167
223     578 11508760805728138772      1.101       3.23      0.430   0.420101    223    212    352
224     341  7227191273297002235      1.100       3.28      0.443   0.423531    224    157    230
225     568 11848321128349689428      1.099       3.29      0.454   0.428510    225    151    105
226     327  5999898426424885577      1.099       3.37      0.433   0.414595    226     83    323
227     795 13696723461381254085      1.099       3.23      0.432   0.428347    227    211    338
228       1 14161001486989760588      1.099       3.25      0.438   0.421491    228    194    270
229     550  2056973521126668886      1.098       3.26      0.443   0.413138    229    175    227
230     440 11194974715698840413      1.097       3.20      0.424   0.425086    230    241    402
231     101 13308841045154215395      1.097       3.28      0.430   0.405103    231    159    357
232     555 10439011436082130201      1.095       3.15      0.444   0.421268    232    291    211
233     113  4230820412500114959      1.095       3.20      0.457   0.422806    233    243     90
234     621  5991612728625767525      1.094       3.13      0.467   0.424229    234    314     23
235     279 15327969273908904494      1.092       3.15      0.459   0.422433    235    286     70
236     782 13570888325567344061      1.091       3.12      0.444   0.421016    236    317    221
237     255  6517814790655564361      1.091       3.26      0.431   0.425295    237    179    344
238     676 11429901419443757718      1.090       3.26      0.450   0.418820    238    170    158
239     769  9046500501457320738      1.089       3.22      0.443   0.417292    239    216    231
240     361 17374128420503625720      1.088       3.14      0.458   0.424746    240    296     81
241     151  5242343936932492164      1.088       3.26      0.425   0.416420    241    177    394
242     772 17895691614022313905      1.087       3.04      0.474   0.416070    242    385      5
243      96 15349800590381461523      1.087       3.15      0.438   0.425203    243    290    275
244      92  4112530987988204306      1.087       3.16      0.454   0.423378    244    279    107
245     554  9135605195341761869      1.087       3.16      0.447   0.424963    245    275    174
246     723 17997462890582787169      1.086       3.04      0.445   0.421464    246    384    209
247     608 18430847528903004078      1.085       3.17      0.430   0.424887    247    272    355
248      89 15277244316785691522      1.085       3.21      0.451   0.427490    248    223    143
249     278 16460665835158294463      1.084       3.34      0.435   0.419472    249    109    304
250     538  4199632759614381090      1.083       3.16      0.457   0.424270    250    274     94
251     296 17396689367158082273      1.083       3.14      0.453   0.423471    251    300    127
252     181 10590513772884014918      1.082       3.18      0.438   0.418571    252    267    276
253     245  7018694377089862936      1.082       3.19      0.439   0.410293    253    249    265
254     587  3260410758362556488      1.082       3.19      0.462   0.426848    254    255     51
255     639  9649186543146009375      1.081       3.22      0.424   0.424597    255    217    397
256     786 11669072978085326262      1.081       3.13      0.465   0.417431    256    312     33
257     444 17738612181955290250      1.080       3.03      0.464   0.420472    257    393     44
258     566 15527357826071523199      1.080       3.21      0.428   0.420233    258    226    372
259     575 10497635132056093840      1.078       3.18      0.400   0.413236    259    265    589
260     374  6223902085268162303      1.078       3.20      0.453   0.422097    260    246    119
261      48 16294508284790876628      1.077       3.14      0.415   0.421229    261    299    471
262     708 14884963152919897189      1.076       3.27      0.445   0.422180    262    167    207
263     687   557884434496144956      1.076       3.14      0.452   0.426268    263    298    139
264      37 12330056954227718733      1.075       3.14      0.424   0.424595    264    303    400
265     493 13967431721778999859      1.075       3.12      0.438   0.428153    265    315    278
266     535  2685137413602816076      1.074       3.16      0.438   0.424983    266    278    269
267     686 13264557400945321804      1.073       3.25      0.423   0.399859    267    189    410
268     104 10562257859559728889      1.073       3.23      0.413   0.414870    268    208    485
269      73 12308346152530022127      1.072       3.27      0.413   0.429988    269    168    486
270     133  3001008323528769965      1.072       3.17      0.435   0.425156    270    269    308
271     479 16007167625615484964      1.071       3.11      0.417   0.422410    271    327    445
272     103   592461664301088428      1.071       3.25      0.455   0.427439    272    185    101
273     146  4187774267746450188      1.070       3.31      0.396   0.433079    273    127    605
274     515  2942448965872931462      1.070       3.23      0.453   0.427898    274    207    131
275      68 13526631497262040408      1.069       3.13      0.439   0.422695    275    307    264
276     700 15553852613422231338      1.068       3.12      0.464   0.424443    276    318     41
277     651 17648263721281082070      1.067       3.18      0.432   0.427291    277    264    337
278     142 13760744952380554230      1.066       3.08      0.440   0.419277    278    347    255
279      19  5794408322784501650      1.066       3.03      0.469   0.423749    279    388     14
280     462  5090305462744725437      1.066       3.03      0.460   0.404839    280    392     67
281     314 18235960694024879109      1.065       3.25      0.440   0.420796    281    192    260
282     527  4784674197399741091      1.065       3.25      0.438   0.422292    282    186    271
283     650 10083395476654627692      1.063       3.20      0.441   0.417039    283    247    248
284     798  9658106838814927662      1.063       3.14      0.426   0.424963    284    302    384
285     711  3220470616941525546      1.061       3.25      0.446   0.417385    285    190    199
286      38  5534473749044489660      1.061       3.10      0.424   0.410118    286    330    398
287     433 13146732751364263888      1.061       3.25      0.437   0.416444    287    193    288
288     323 11676021276890267234      1.060       3.30      0.415   0.411135    288    138    469
289     289 17634570015460857325      1.060       3.04      0.438   0.397772    289    380    273
290     503 10253254895481126005      1.060       3.11      0.443   0.423761    290    326    223
291     785 11166398225022227360      1.059       3.13      0.429   0.413770    291    305    360
292     716 10463253120673695261      1.059       3.02      0.447   0.417963    292    400    184
293      12 15854386092367339346      1.058       3.04      0.449   0.394418    293    379    161
294     478 16234739662377920526      1.058       3.13      0.437   0.426927    294    313    292
295     311  6215607291422449651      1.058       3.08      0.437   0.408566    295    348    282
296     221 16437287177099178506      1.057       3.07      0.430   0.426800    296    356    356
297     281 12368037144861178713      1.057       3.19      0.408   0.407311    297    250    524
298     370  5630691022876844304      1.056       3.10      0.441   0.425441    298    331    249
299     464 14586084495035451277      1.055       3.21      0.426   0.414467    299    234    386
300     205   902125696687054148      1.054       3.16      0.438   0.427532    300    280    280
301     709  6963774647319908809      1.054       3.02      0.465   0.425248    301    397     37
302     389 16016028001340388367      1.053       3.11      0.468   0.424390    302    321     18
303      85  7976539648295913851      1.053       3.10      0.440   0.428624    303    334    258
304     293 12972407724341297256      1.053       3.13      0.457   0.420977    304    306     92
305     697 15252428091372868358      1.053       3.21      0.398   0.432447    305    232    595
306     485  4855896198131430846      1.052       3.16      0.414   0.396358    306    281    477
307     413 13431275153296210878      1.051       3.18      0.437   0.424398    307    263    289
308     517 16871014015511640795      1.051       3.15      0.441   0.415382    308    292    247
309     604 13044133615230558013      1.050       3.21      0.439   0.403235    309    235    268
310     641 12347948927470663073      1.050       3.16      0.445   0.424338    310    276    201
311     202  6657314609255573656      1.050       3.06      0.451   0.424709    311    364    148
312     328 14109289180622874763      1.050       3.16      0.426   0.413803    312    277    387
313     129  2732938694566299947      1.050       3.08      0.426   0.429778    313    342    388
314     628  8630542718720220731      1.049       2.94      0.421   0.357776    314    466    420
315     309 11334061490411965983      1.049       3.20      0.418   0.399714    315    244    442
316     600  6183757751925746490      1.047       3.07      0.431   0.402425    316    359    346
317     144  8473984463870452061      1.047       3.21      0.407   0.426947    317    228    534
318     371   185720955095589134      1.046       3.18      0.425   0.421806    318    256    393
319     206    95985320769294551      1.046       2.99      0.447   0.409436    319    423    177
320     425  9700141017269143566      1.046       3.06      0.439   0.427671    320    367    266
321     447  8843851856875942054      1.045       3.10      0.433   0.430546    321    329    330
322     721  1913043352964877144      1.045       2.99      0.460   0.426062    322    426     65
323     502 14016487160407100454      1.044       3.18      0.399   0.431655    323    260    591
324     714 13782715406986460949      1.044       3.01      0.443   0.427708    324    406    226
325     564 14870118010545403275      1.044       3.26      0.398   0.432797    325    178    598
326     633  1513903589643506756      1.043       3.21      0.407   0.385020    326    224    535
327      58 11937860716788936190      1.043       3.18      0.438   0.413385    327    257    274
328     737  7941437901740015324      1.043       3.04      0.457   0.423764    328    382     93
329     238  2543969264063716837      1.042       2.99      0.444   0.423825    329    428    212
330     648  8561673204128375787      1.041       3.10      0.432   0.412754    330    328    332
331     274 18418785631099663775      1.038       3.04      0.415   0.426748    331    375    474
332     724  5187505823651997311      1.037       3.08      0.423   0.430808    332    340    406
333       6  8012867602636177041      1.036       3.21      0.410   0.400574    333    237    513
334     542  6049113831830189953      1.035       2.97      0.453   0.425242    334    442    117
335     579 13495382421257454326      1.034       3.04      0.415   0.427255    335    377    472
336     111 14792990456410953052      1.034       3.13      0.426   0.410353    336    308    385
337     131  8855471325880389449      1.034       3.19      0.401   0.418549    337    253    585
338     345  7743472565254340369      1.033       3.07      0.430   0.426985    338    354    350
339     423 12870276334936927531      1.032       3.00      0.442   0.427529    339    420    236
340     401 18405365351339599371      1.032       3.09      0.451   0.426035    340    336    147
341     223  1689056607886250721      1.031       2.95      0.458   0.419865    341    462     77
342     353  5269540757710827256      1.031       3.07      0.427   0.399745    342    350    382
343     753 10660019614269331060      1.031       3.17      0.434   0.413000    343    270    318
344     751 18250576076480374158      1.031       3.17      0.451   0.420747    344    271    146
345     762  3520645435959983227      1.030       3.03      0.466   0.421983    345    386     31
346     668 14604825411508779318      1.029       2.94      0.455   0.424756    346    465    104
347     186  7328183945765991518      1.028       3.08      0.435   0.420601    347    343    301
348     718 17722881365892181367      1.028       3.03      0.416   0.424042    348    390    459
349     268  5186135322947904502      1.026       3.08      0.431   0.393469    349    344    341
350     116 11664386099845861159      1.026       2.98      0.455   0.426613    350    437     98
351     191 12107113151879388773      1.026       2.96      0.432   0.405978    351    451    333
352     619  7877435493411691978      1.025       3.02      0.434   0.416854    352    398    314
353     537 11464629276972248074      1.024       3.11      0.422   0.430241    353    324    414
354     168 16232207921421362774      1.024       3.04      0.453   0.428887    354    378    124
355     435 17337417351186639071      1.024       3.11      0.438   0.429055    355    320    272
356      23 10265009700742074104      1.024       3.00      0.442   0.427510    356    421    234
357     501 14856982561207584012      1.023       3.09      0.411   0.427652    357    337    506
358     436  2401040590099360568      1.022       3.14      0.404   0.404055    358    297    558
359     553  4977723351471827493      1.021       2.99      0.444   0.424680    359    427    217
360     647  3835149948587744457      1.021       3.07      0.427   0.424791    360    358    381
361     761  3941504015667899953      1.020       3.01      0.446   0.420919    361    410    191
362     198  6189312329343224227      1.020       3.07      0.429   0.429744    362    361    362
363      47  9428890870435157015      1.020       3.06      0.434   0.425626    363    365    317
364     373 11958826070709494401      1.020       2.98      0.427   0.414695    364    436    374
365      71  6503977554593644180      1.019       3.11      0.437   0.428134    365    325    286
366     428 17465231729777426466      1.019       3.07      0.421   0.413729    366    355    424
367     775 13653240913506516526      1.019       3.15      0.411   0.414651    367    293    507
368       7  6116232655979643578      1.018       3.02      0.414   0.430921    368    396    478
369     765 12679200786298713579      1.018       3.07      0.434   0.431500    369    357    316
370     593   693126739203421740      1.018       2.86      0.454   0.418601    370    520    116
371     392 13064733877990093673      1.017       3.10      0.446   0.425989    371    332    195
372     500 18088879189176546373      1.016       3.18      0.396   0.412851    372    258    607
373     130 10903823995394270069      1.016       3.03      0.433   0.413455    373    391    329
374      39   329208213306211943      1.015       3.08      0.420   0.399892    374    346    427
375     183  5452174654853808946      1.014       2.93      0.454   0.426539    375    481    110
376     519 10472325089375337830      1.014       3.00      0.404   0.428004    376    414    557
377     638  7402687443291865713      1.014       3.03      0.445   0.424178    377    387    204
378     330 18212246886615535667      1.013       3.23      0.416   0.400448    378    204    461
379     556 10373058565714294550      1.011       2.99      0.420   0.435259    379    429    431
380     291  2290475673156423231      1.011       2.99      0.442   0.427567    380    430    243
381     195 11683744515682750721      1.010       3.01      0.415   0.374498    381    409    464
382     683  2024872461759772720      1.010       2.81      0.452   0.423269    382    543    135
383     128  8828536939790331433      1.010       3.06      0.427   0.412538    383    362    373
384     449 11643310775639181507      1.010       3.23      0.407   0.403445    384    203    537
385      78  4197354360108088797      1.009       3.14      0.419   0.420858    385    301    433
386     161 14320832516445064591      1.009       3.06      0.402   0.416671    386    366    572
387     317 10808061766690861439      1.009       2.92      0.453   0.428701    387    485    123
388     258 15774825149971314864      1.007       3.00      0.423   0.390480    388    417    412
389     305 10234917759508886765      1.007       3.26      0.404   0.424844    389    181    560
390     251  1912736020518664491      1.006       2.95      0.422   0.430883    390    457    417
391       2  6029950979097221868      1.006       3.15      0.421   0.429143    391    294    425
392     417  6002922634023412293      1.006       3.06      0.427   0.408598    392    368    375
393     124 17974593674870156863      1.005       3.00      0.407   0.396145    393    415    529
394     355 13825987737720616704      1.005       2.90      0.447   0.417189    394    498    185
395      55   434143159729980091      1.005       3.13      0.396   0.405437    395    309    609
396      75 12812762298793681121      1.003       3.14      0.416   0.417952    396    295    454
397     338 16798513512698838986      1.002       3.05      0.436   0.422931    397    372    293
398     123 11441976916924284640      1.001       2.95      0.444   0.426451    398    460    218
399     740  8049238997291177147      1.000       3.02      0.408   0.425671    399    402    528
400     586 10728941009968557668      1.000       3.04      0.435   0.426033    400    381    310
401     688 13954535963789187405      1.000       3.04      0.437   0.424191    401    383    281
402     150 16605986075171681514      0.999       3.08      0.416   0.417648    402    345    462
403     461   329743815502486694      0.999       2.97      0.437   0.427668    403    441    290
404     346 13010239872886424495      0.999       2.89      0.419   0.364709    404    503    434
405     256  3918569042304629133      0.999       3.13      0.424   0.400287    405    310    405
406     448  8960058607387509366      0.998       2.93      0.413   0.414738    406    480    489
407     177  3728927102710849678      0.998       2.97      0.435   0.406635    407    446    307
408     180 10819927221092723337      0.998       3.08      0.417   0.430986    408    341    453
409     669 11339571370171630375      0.998       3.18      0.417   0.434721    409    259    452
410     315  9812696557159545607      0.997       3.01      0.438   0.421279    410    412    279
411     620 10443435260549132942      0.996       3.02      0.413   0.431790    411    399    487
412     682 16238888985198430711      0.996       2.99      0.416   0.420309    412    425    458
413     100  5095071036978011624      0.996       2.87      0.416   0.411707    413    515    455
414     789 13378730251142644669      0.995       3.00      0.425   0.427388    414    418    392
415     661  3184611227363760427      0.995       3.00      0.425   0.420847    415    416    395
416     382 14302172162556147445      0.994       3.07      0.411   0.400223    416    352    508
417     781  5642169608858585907      0.993       2.90      0.448   0.426052    417    500    166
418      69 16695192424604234437      0.993       3.07      0.428   0.429146    418    349    369
419     594 17979447955111414668      0.992       2.95      0.430   0.425688    419    459    354
420     170  1291499090037908716      0.991       2.94      0.436   0.423532    420    470    300
421     441  8117607209248345740      0.991       3.05      0.419   0.390994    421    374    438
422     165 17678071345621015662      0.991       2.98      0.429   0.398884    422    434    359
423     344 12949305259410452560      0.991       3.05      0.411   0.420856    423    373    504
424     335  1023481099746176891      0.991       3.04      0.416   0.425592    424    376    457
425     672 13562744323174204122      0.991       3.01      0.421   0.406919    425    411    426
426     380 11698721305156237182      0.990       2.94      0.417   0.414035    426    471    450
427     225 14188305728109360904      0.989       3.01      0.432   0.423989    427    413    335
428     631 10826093419149409754      0.987       2.92      0.438   0.425345    428    482    277
429     643 14993070696913228201      0.986       3.03      0.444   0.428572    429    389    216
430     523 14476525700860995976      0.985       2.93      0.429   0.424754    430    477    361
431     590  5217034622416120740      0.984       3.06      0.415   0.429936    431    369    463
432     453  1487714224002996563      0.983       3.00      0.429   0.418462    432    422    363
433     756   508726977569388011      0.983       2.78      0.426   0.367557    433    562    390
434     680 15985607372927318921      0.983       3.01      0.447   0.415194    434    408    182
435     667 12185257358847237006      0.983       2.88      0.447   0.425548    435    508    181
436     468  8880062694097621529      0.983       2.99      0.406   0.434559    436    424    545
437     303  4633373384697573874      0.982       2.93      0.414   0.431573    437    474    480
438     152 15929983451427999447      0.981       3.02      0.434   0.414701    438    404    315
439     670  8488933093583292245      0.980       2.96      0.416   0.432268    439    448    456
440     701  3559542272600638010      0.980       3.01      0.415   0.433064    440    405    470
441     434  3760627458200031833      0.980       2.96      0.409   0.405693    441    453    520
442     365  5059790170102402423      0.978       2.91      0.439   0.424941    442    494    262
443     155  4482106480076547361      0.977       3.05      0.428   0.424383    443    371    368
444     197  9669887965064015058      0.977       3.07      0.415   0.431899    444    351    465
445     242  7939082725371007074      0.977       2.91      0.437   0.428171    445    493    287
446      18  5924020500239312360      0.977       2.94      0.431   0.430033    446    467    342
447      30 12856148848796066448      0.976       2.81      0.430   0.370346    447    544    353
448     488 16155374517007311661      0.976       3.15      0.409   0.412271    448    287    522
449     592  7139613958247196362      0.975       2.86      0.427   0.426050    449    522    379
450     149  1150085605795069707      0.975       3.09      0.404   0.423586    450    335    563
451     265  9727351458753418011      0.975       3.11      0.412   0.406544    451    322    494
452     675  6529245124602741217      0.974       2.93      0.436   0.417301    452    476    298
453     332  2569248341961206526      0.973       3.13      0.408   0.419765    453    311    525
454     358  9613789996503107413      0.973       3.05      0.391   0.432283    454    370    635
455     712  5713268479179544721      0.971       2.96      0.412   0.410080    455    449    498
456     465  6629900988025847527      0.970       3.08      0.393   0.415681    456    339    626
457     695  8730370411158964578      0.967       2.99      0.413   0.418608    457    431    488
458     287   994986372832067846      0.967       3.06      0.415   0.395533    458    363    468
459      90  3955736023440666143      0.966       2.94      0.434   0.420279    459    468    321
460     630 17041023033665752673      0.965       3.08      0.426   0.424904    460    338    391
461      11 17183871877105666801      0.964       2.88      0.421   0.409221    461    504    423
462      61 11915258333378050952      0.963       2.88      0.424   0.425981    462    505    404
463     119  9101030710521199011      0.963       2.93      0.390   0.410860    463    479    642
464     752  2840846034178266932      0.963       2.98      0.420   0.425047    464    439    428
465     735 13668695518941449557      0.960       2.90      0.422   0.398203    465    496    418
466     240  8818495029644738851      0.960       2.94      0.423   0.404827    466    469    411
467     194  2455541773647685846      0.960       2.94      0.396   0.395248    467    472    612
468     545   220937258851906558      0.960       2.91      0.411   0.403313    468    490    503
469     744 16767423589951350324      0.960       2.93      0.433   0.393729    469    475    322
470     267 17706732964614090475      0.959       2.97      0.431   0.421571    470    443    347
471     677 14906547368793198571      0.959       3.03      0.410   0.407529    471    394    517
472     664 18289918760812073264      0.958       2.90      0.421   0.415036    472    499    422
473     298  2107433287863274158      0.958       2.87      0.418   0.425803    473    517    444
474     497 18137105402097725713      0.956       2.87      0.416   0.379045    474    516    460
475      97 18369061720777317885      0.955       2.92      0.424   0.399755    475    486    403
476     337  7017760630171317055      0.954       2.84      0.446   0.417002    476    530    193
477      40 14642053334763119179      0.954       2.98      0.406   0.428210    477    438    546
478     442 17558855104426030487      0.953       2.97      0.412   0.397818    478    447    499
479     117 10907692223483096950      0.953       3.01      0.412   0.426343    479    407    496
480     290 15977653987584045061      0.952       2.85      0.444   0.429734    480    523    219
481     253  9795616806846393638      0.952       2.91      0.421   0.380125    481    495    421
482     508 11152384707842633589      0.951       2.93      0.415   0.426455    482    473    475
483     678  2514251978143983325      0.950       3.02      0.410   0.423722    483    401    514
484     596  9858310950269904591      0.950       2.84      0.407   0.397580    484    529    532
485     649  3041784998574398522      0.948       3.02      0.424   0.397039    485    403    399
486     176   168508057548871666      0.947       2.87      0.435   0.433383    486    512    309
487      51  2468526775943143813      0.945       2.85      0.442   0.420175    487    528    242
488     334 11102992484049775422      0.944       2.84      0.432   0.425990    488    531    336
489      29  7884084952579709257      0.942       3.11      0.390   0.400787    489    323    644
490     375  1303114553420428294      0.942       2.91      0.390   0.418080    490    488    641
491     456 18321335380848874272      0.942       2.91      0.431   0.419137    491    492    343
492     777 15629880917764410788      0.942       2.76      0.435   0.432315    492    571    306
493     325 15658145604393104054      0.941       2.98      0.410   0.409325    493    432    516
494     691 10814104499589766187      0.941       3.07      0.387   0.430568    494    360    658
495      25    46459063979441405      0.939       2.97      0.432   0.425736    495    444    334
496      56  6322696334779165441      0.938       2.93      0.396   0.388464    496    478    611
497     665   166752522050933892      0.938       2.84      0.404   0.397298    497    532    561
498     739 13569845649144036770      0.937       2.94      0.401   0.390457    498    464    579
499     513 11171399372666619569      0.937       2.85      0.405   0.422097    499    525    555
500     147  8960729633551773212      0.934       2.94      0.386   0.433441    500    463    661
501     707  6059092154398586084      0.933       2.97      0.381   0.428285    501    440    672
502     388 15950734809779532869      0.932       2.72      0.441   0.429703    502    590    250
503     439 12563125417064129612      0.932       2.88      0.435   0.427199    503    510    302
504     357  3341022854889503921      0.931       2.88      0.412   0.426200    504    507    500
505     114  8069370715269633662      0.930       2.96      0.415   0.429614    505    452    466
506      82 13664248832179905012      0.930       2.88      0.431   0.421775    506    506    345
507      50 10454815312731410020      0.930       2.86      0.410   0.426601    507    519    515
508     347 16717303972457208872      0.929       2.85      0.443   0.420469    508    527    224
509     634  4298591502635449707      0.928       2.87      0.412   0.431813    509    514    497
510     534 12054353799889697034      0.927       2.87      0.406   0.391837    510    511    539
511     121 11386749920961484768      0.926       2.91      0.396   0.430652    511    491    608
512     790 17840063979956826232      0.926       2.96      0.402   0.404716    512    455    576
513     384  2790752769414079494      0.924       2.73      0.415   0.437076    513    580    473
514      76  2843823541233538331      0.923       2.82      0.417   0.407077    514    541    451
515     734  6578846661297977173      0.922       2.95      0.414   0.389741    515    458    479
516     416 17180913970882921978      0.922       2.84      0.410   0.430401    516    534    509
517     286  6918753220098153322      0.921       2.92      0.422   0.399840    517    487    416
518     236 11519153298535641357      0.920       2.91      0.401   0.427268    518    489    588
519     172 12868265449019296226      0.919       2.97      0.407   0.411470    519    445    533
520     260  9629620998448138254      0.919       2.75      0.437   0.431857    520    573    283
521     474  2881483659907047460      0.917       2.74      0.417   0.428083    521    576    449
522     386 13819810541996932097      0.916       3.02      0.387   0.428865    522    395    660
523     546  2135193958309744286      0.913       2.88      0.397   0.432130    523    509    603
524     120 13849765511143344206      0.913       2.83      0.415   0.395145    524    536    467
525     376   251259944010150415      0.913       2.73      0.405   0.416569    525    581    551
526     200 13583132757779288783      0.913       2.85      0.419   0.381843    526    526    436
527     773  2092366988958991749      0.911       2.79      0.414   0.431233    527    557    483
528     473  3602812250261070869      0.911       2.83      0.405   0.417766    528    538    548
529     159 14000972208956257782      0.910       2.78      0.399   0.431888    529    558    590
530     540 16489026821595077681      0.909       2.92      0.397   0.437188    530    484    602
531     580  3081233069045950778      0.908       2.73      0.396   0.403169    531    583    606
532      10 18194112789760262022      0.908       2.86      0.405   0.401518    532    518    554
533     605  1926247088985652658      0.908       2.95      0.393   0.422619    533    461    624
534     160  5732787310373729819      0.907       2.79      0.403   0.397293    534    553    568
535     506  4792046421633983006      0.907       2.98      0.391   0.408522    535    433    638
536     420 10361529680123186602      0.907       2.90      0.404   0.428885    536    497    562
537     189  6414501530786040218      0.906       2.77      0.389   0.395514    537    570    651
538      36  7841891534304274999      0.901       2.79      0.390   0.397571    538    556    645
539     606   130242683499749238      0.901       2.89      0.407   0.397314    539    501    538
540     396 15701892128542760823      0.901       2.98      0.385   0.397482    540    435    662
541     733  6905601615689922174      0.897       2.89      0.389   0.416450    541    502    653
542     652 12733178680179848645      0.897       2.80      0.417   0.408718    542    546    446
543     324  8302755763671303421      0.896       2.78      0.391   0.408664    543    561    633
544     618  7058139110303437402      0.895       2.83      0.405   0.389952    544    535    553
545     539 12456643235862475786      0.895       2.95      0.395   0.401418    545    456    615
546     518 12679107740558721880      0.894       2.92      0.406   0.407419    546    483    541
547     196  2157256561249495857      0.892       2.74      0.410   0.432215    547    577    512
548      16  9089173799394744216      0.892       2.80      0.427   0.427727    548    547    378
549     246 12189248641553208560      0.891       2.68      0.426   0.400272    549    609    389
550      13 13028815461253925884      0.891       2.87      0.405   0.396098    550    513    556
551     573  5170120031488036940      0.891       2.69      0.427   0.425639    551    607    377
552     220 16549788212299670302      0.889       2.83      0.408   0.432477    552    537    526
553     199 14373584901767913077      0.888       2.62      0.419   0.432824    553    632    435
554     313  2238583206127098473      0.888       2.73      0.439   0.426208    554    582    263
555     148 16389607734708791255      0.888       2.79      0.419   0.430551    555    552    437
556     717  1142426169736972613      0.885       2.79      0.433   0.429547    556    555    326
557     359 13027179507162327729      0.885       2.78      0.397   0.409160    557    565    604
558      31 14945471647392039681      0.884       3.07      0.389   0.401697    558    353    654
559     270 12010886256046533178      0.882       2.72      0.413   0.402729    559    588    490
560      95  3179817266585202073      0.881       2.71      0.423   0.427049    560    597    408
561     261 11423010160557342379      0.880       2.85      0.401   0.399897    561    524    587
562     414  1846788534960956884      0.880       2.67      0.428   0.427440    562    613    370
563      66  7923615642952227895      0.880       2.62      0.423   0.428990    563    634    407
564     486  4039873638047662966      0.879       2.78      0.390   0.400793    564    560    640
565     122  2080253868878324176      0.874       2.72      0.423   0.420167    565    589    409
566     599 12094093873854167686      0.873       2.71      0.410   0.429682    566    596    519
567       5  7851661763992945493      0.873       2.81      0.418   0.403176    567    545    443
568     241  8473337465561701515      0.873       2.78      0.406   0.396883    568    564    543
569     469 12911231800197301841      0.873       2.78      0.408   0.379927    569    566    527
570     627 13867583315830744805      0.871       2.77      0.403   0.430481    570    568    564
571     429 11402311046008533590      0.869       2.79      0.407   0.395711    571    550    531
572     264   442660731546360453      0.868       2.75      0.403   0.406284    572    574    567
573     705  7013343041358570553      0.868       2.58      0.422   0.426526    573    651    413
574     342 17499857015971480235      0.867       2.84      0.389   0.416442    574    533    650
575     607  1586197099882879725      0.866       2.79      0.417   0.381851    575    551    448
576     489  6437537154978876489      0.866       2.64      0.413   0.428851    576    624    484
577     446 17731216253737145015      0.865       2.71      0.402   0.417944    577    593    571
578     557 17828596084889937253      0.863       2.70      0.419   0.430607    578    601    440
579     112  7558926144216424893      0.862       2.71      0.399   0.397681    579    595    592
580     684  7768851203034496035      0.861       2.78      0.398   0.413878    580    559    600
581     504  3515723936523672994      0.861       2.70      0.429   0.426527    581    602    366
582     192 16105407709653327262      0.861       2.70      0.403   0.430765    582    603    565
583     203 16539714912793841124      0.861       2.74      0.394   0.432663    583    575    619
584     570 16011679149051188383      0.859       2.65      0.402   0.430778    584    621    573
585     574  8042841377871681452      0.858       2.60      0.432   0.430848    585    643    339
586     522 11673005584480449386      0.858       2.66      0.402   0.427464    586    616    574
587     284  5710106966350689618      0.857       2.82      0.405   0.429484    587    539    549
588     216 13238109286791164793      0.857       2.96      0.387   0.398295    588    450    659
589     356 12897538353354175138      0.856       2.61      0.395   0.432976    589    637    616
590     770 13871537636959942979      0.854       2.71      0.401   0.378734    590    599    578
591     516  4116888903259105637      0.854       2.69      0.393   0.415834    591    605    625
592     230  1504124426335020128      0.854       2.70      0.408   0.425641    592    600    523
593     558  7828565406807750007      0.854       2.71      0.407   0.433815    593    594    530
594     788  2656387068431148224      0.852       2.69      0.374   0.437880    594    606    684
595      33 18318069799883124238      0.852       2.78      0.374   0.420860    595    563    683
596      67 11261167612375464461      0.849       2.69      0.404   0.406146    596    604    559
597     272  9234625090493645376      0.849       2.68      0.406   0.426763    597    608    542
598     427    40603584865862957      0.849       2.67      0.401   0.383620    598    614    583
599     163  8285716540875273768      0.847       2.61      0.433   0.419842    599    638    327
600     637 13270266748349343114      0.845       2.66      0.411   0.410101    600    619    505
601     322 15686332683446524265      0.842       2.63      0.398   0.427880    601    628    597
602     106   182616783403342716      0.838       2.66      0.410   0.416307    602    617    518
603     350  4454103457229226781      0.838       2.63      0.399   0.425511    603    629    594
604     563  3099993406977908975      0.838       2.66      0.399   0.401300    604    618    593
605     367  7125661688803620705      0.838       2.80      0.402   0.431915    605    548    577
606     233 10468891361048897596      0.835       2.71      0.406   0.425848    606    598    544
607     614  9687512567876331238      0.835       2.77      0.409   0.415190    607    569    521
608     173 10564424341959025887      0.833       2.68      0.405   0.428778    608    610    550
609     787  8160227426357323312      0.832       2.57      0.407   0.405248    609    653    536
610     629 16061662657684038889      0.831       2.72      0.412   0.405842    610    592    501
611     450 15947153329215762251      0.830       2.73      0.394   0.402909    611    585    618
612     741 12588140063378294204      0.829       2.58      0.414   0.418124    612    650    481
613     797 13892081868060926352      0.829       2.65      0.402   0.430411    613    620    575
614     492 14960706633147730258      0.826       2.82      0.371   0.433492    614    540    693
615     571 12703555106175267727      0.823       2.53      0.415   0.432708    615    662    476
616     292 11643981733133678207      0.822       2.68      0.389   0.399864    616    612    652
617     184 13134492838662128435      0.822       2.82      0.390   0.414660    617    542    643
618     228 10788466493663693156      0.820       2.65      0.403   0.420245    618    622    566
619     609  5387707513758226832      0.819       2.58      0.401   0.393310    619    648    581
620     443  3716849086812827326      0.817       2.62      0.406   0.382006    620    633    540
621     259  4957927887234473869      0.815       2.63      0.429   0.386067    621    627    364
622      14 15058662412242877013      0.814       2.72      0.373   0.440623    622    587    687
623     395  8747333070596482311      0.814       2.77      0.389   0.421021    623    567    649
624     224 16555438639833158680      0.814       2.66      0.403   0.396400    624    615    569
625     681 14856465442160898346      0.812       2.62      0.383   0.429757    625    631    666
626     410   340996404357143372      0.811       2.54      0.419   0.430619    626    660    439
627     217  8126696705283078055      0.810       2.61      0.406   0.431645    627    639    547
628     418 16569297186569343560      0.809       2.61      0.424   0.423236    628    635    401
629      24  1285791014254414266      0.808       2.62      0.395   0.434009    629    630    614
630     169 15515121244417335705      0.808       2.68      0.391   0.398861    630    611    634
631      20  6648783437061348536      0.806       2.61      0.401   0.411601    631    636    582
632     437  3140685901390733503      0.806       2.79      0.382   0.399967    632    554    668
633     547  3170200108476785605      0.805       2.55      0.393   0.433948    633    658    623
634     299 11369716234639556352      0.800       2.96      0.372   0.412497    634    454    691
635     755 10898530133147217012      0.794       2.59      0.381   0.427080    635    646    673
636     162  3519570824852639382      0.791       2.59      0.401   0.386131    636    645    580
637     745  6127677551848129792      0.790       2.53      0.383   0.405989    637    663    665
638     319  3433178466036288890      0.790       2.64      0.397   0.389561    638    625    601
639     235 18044967079467489363      0.789       2.86      0.375   0.432895    639    521    681
640     659  3006993139530988239      0.787       2.52      0.392   0.417905    640    666    631
641     612 15482898165984092313      0.785       2.72      0.381   0.409888    641    586    671
642     520 11523531393530982001      0.784       2.56      0.396   0.402485    642    657    613
643     601 13312930406194931261      0.784       2.59      0.395   0.410189    643    644    617
644     572  3615089448366308959      0.784       2.45      0.405   0.389588    644    677    552
645     784 17199365568889162672      0.781       2.64      0.373   0.422468    645    623    690
646     642  1829914849309832691      0.780       2.49      0.398   0.419164    646    672    599
647     616  1441189010905014164      0.779       2.56      0.382   0.428963    647    655    669
648     679  6109517787553791943      0.779       2.58      0.392   0.412958    648    652    632
649     372 13512282461708572654      0.778       2.58      0.367   0.434009    649    649    699
650     422 16701842174053986175      0.777       2.51      0.393   0.431147    650    667    620
651     430  7366608914014941306      0.771       2.46      0.410   0.430901    651    676    511
652      26  6581815003822107391      0.768       2.63      0.398   0.381708    652    626    596
653     387  8975903887685520169      0.767       2.60      0.364   0.427394    653    641    701
654      84  4859717826742877516      0.765       2.60      0.389   0.393405    654    642    647
655     431  4456361283816942571      0.764       2.47      0.412   0.427628    655    674    493
656     320 12927060136152873738      0.763       2.51      0.391   0.418099    656    668    639
657       0 17568005519286013800      0.763       2.52      0.393   0.392996    657    665    629
658      59  3053078498536169646      0.762       2.80      0.373   0.433270    658    549    689
659     182  7521625292769094488      0.757       2.56      0.372   0.435598    659    656    692
660     115 14818363708898809892      0.757       2.50      0.393   0.396273    660    670    622
661     294 14313914111651152210      0.753       2.36      0.393   0.385381    661    692    630
662     331 12709428678519820794      0.753       2.43      0.393   0.408431    662    681    627
663     393  1034470694290294160      0.753       2.76      0.336   0.440589    663    572    733
664     561  2932506105755326466      0.750       2.74      0.357   0.425133    664    579    711
665     237 13092521815807178831      0.748       2.49      0.376   0.415105    665    673    679
666      21  1666714844121237768      0.747       2.54      0.390   0.431126    666    659    646
667     584  4850828396547483974      0.743       2.28      0.412   0.433651    667    699    495
668     219 15907819001995451321      0.734       2.39      0.411   0.431117    668    688    502
669     231  6436897117022768934      0.733       2.50      0.360   0.431819    669    671    704
670     138  1594453451767666917      0.728       2.43      0.380   0.413731    670    682    674
671     336 11238731194028984880      0.726       2.39      0.374   0.404463    671    686    685
672     481  8855962463646756405      0.726       2.36      0.383   0.424686    672    691    664
673     352 16355648167012265207      0.724       2.57      0.358   0.416195    673    654    709
674     247  9376864656323251048      0.718       2.31      0.371   0.436870    674    695    694
675     218 17499917311871227541      0.716       2.44      0.374   0.421890    675    679    682
676     404 12017802525687268740      0.713       2.38      0.391   0.408428    676    689    636
677     127 12338926389363267165      0.713       2.72      0.337   0.403850    677    591    732
678     458  2483579172025799429      0.713       2.27      0.388   0.377209    678    700    657
679     487 13169761570397379402      0.709       2.12      0.388   0.362472    679    713    655
680     377 14438656339149682569      0.707       2.30      0.396   0.429082    680    696    610
681     363  3851158487126609542      0.705       2.59      0.364   0.424574    681    647    702
682     623  6967279194303942177      0.701       2.38      0.379   0.415766    682    690    676
683     655  3196337500063102875      0.699       2.73      0.349   0.447819    683    584    720
684     226 17166279874614736005      0.699       2.74      0.341   0.412808    684    578    730
685     544 17589510106752696609      0.698       2.33      0.401   0.380573    685    694    586
686     654 11517175285988241650      0.698       2.28      0.382   0.402151    686    698    667
687     569 10551602371427112688      0.697       2.19      0.410   0.371931    687    708    510
688     494  4226261343175000519      0.692       2.18      0.412   0.391744    688    709    491
689     275  2513117902923309565      0.688       2.20      0.403   0.366195    689    707    570
690     660  7362099475143380281      0.687       2.61      0.333   0.425381    690    640    739
691     511 14787825128026669387      0.683       2.15      0.401   0.378887    691    711    584
692      99 15538890594687380863      0.676       2.23      0.389   0.414910    692    703    648
693     768 11330830841594695963      0.665       2.21      0.393   0.434182    693    706    621
694     725 16985183923169497543      0.663       2.52      0.351   0.435780    694    664    718
695     624 11140728730111381228      0.662       2.26      0.371   0.406689    695    702    695
696     310 15962757702694707033      0.662       3.00      0.285   0.453636    696    419    757
697     243  9748118178175392011      0.660       2.50      0.349   0.430027    697    669    721
698      27  5775642857937836062      0.658       2.18      0.381   0.404294    698    710    670
699     471  8167622162331937927      0.644       2.35      0.319   0.433623    699    693    748
700     229  2316597687843380248      0.636       2.53      0.334   0.448660    700    661    737
701     394  4814752485039879742      0.632       2.13      0.369   0.421530    701    712    696
702     585    91799173138284790      0.628       2.04      0.378   0.398872    702    717    677
703     581   289550932053935094      0.625       1.81      0.414   0.355637    703    744    482
704      46  8819088268538794579      0.623       2.28      0.368   0.445628    704    697    698
705     457  3637381863664068762      0.616       1.93      0.393   0.373937    705    726    628
706     316  2045208800596436464      0.607       2.10      0.376   0.400071    706    714    678
707     209 17273716095925172492      0.603       1.99      0.388   0.368884    707    720    656
708     208 17139617253954449277      0.601       2.07      0.356   0.436086    708    715    712
709     636  6653254712676953424      0.597       2.46      0.304   0.421214    709    675    752
710     505 14065339545279625818      0.590       1.97      0.385   0.384795    710    724    663
711     110 15926764505928812913      0.590       2.02      0.359   0.378615    711    718    706
712     779  9565537796904823742      0.587       2.43      0.293   0.456612    712    683    753
713     645 11298764315964360949      0.584       2.44      0.320   0.464669    713    678    747
714     692   938258227231889449      0.582       2.26      0.281   0.453426    714    701    760
715     166  7446619053544319530      0.581       1.90      0.354   0.449881    715    729    715
716     747  8093221024079523571      0.574       1.92      0.391   0.384268    716    728    637
717     407 12812551406092992334      0.572       1.83      0.369   0.374103    717    740    697
718     484  8858314864903383953      0.562       2.21      0.345   0.424753    718    705    726
719     366 16931576099292101993      0.558       1.98      0.358   0.426376    719    721    708
720     632 13770366053999614298      0.548       1.88      0.374   0.438945    720    732    686
721     514  5333318991442446544      0.545       1.84      0.353   0.402540    721    739    716
722     232  4442472302162990022      0.544       1.87      0.373   0.405315    722    736    688
723     302 18170418584135918611      0.536       1.86      0.360   0.411402    723    737    705
724     635 13435823681926491900      0.531       2.39      0.289   0.470858    724    687    754
725     285 14915235217978233043      0.531       2.40      0.286   0.469029    725    685    756
726     750   683593215192993679      0.523       1.97      0.326   0.464364    726    722    743
727     227  5478729935797455809      0.518       1.82      0.379   0.393948    727    741    675
728     207  1593313270483997049      0.514       1.82      0.362   0.402703    728    742    703
729      54   117332688443665050      0.511       1.93      0.366   0.405919    729    727    700
730     263 17694572072862362144      0.508       1.81      0.354   0.417350    730    745    713
731     689  1055105730503008720      0.507       1.88      0.342   0.433722    731    733    729
732     728  2903176464348225508      0.505       1.95      0.341   0.409318    732    725    731
733     562 13787977354184052771      0.501       1.89      0.324   0.450015    733    731    746
734     452 13722187379422933608      0.500       1.97      0.348   0.420327    734    723    725
735      62  7177932529503219229      0.491       1.88      0.351   0.405045    735    735    719
736      52  6050461937540733807      0.474       1.79      0.354   0.423082    736    748    714
737     409 11091683010570655415      0.472       1.81      0.344   0.432256    737    743    727
738     351 12513174040884233909      0.471       3.10      0.163   1.010722    738    333    786
739     266 17350661073630350757      0.465       1.72      0.349   0.428921    739    755    722
740     399 13040438158848806053      0.464       1.75      0.329   0.450772    740    751    741
741     390 15208094364242385359      0.462       2.00      0.281   0.492230    741    719    759
742     509  8177263334548785538      0.444       2.43      0.232   0.516614    742    684    777
743     749  3612822333649993395      0.443       1.67      0.358   0.413570    743    760    707
744     252  4649432395208036466      0.439       1.68      0.331   0.448579    744    759    740
745     391  3253350993962209784      0.438       1.88      0.335   0.430660    745    734    736
746     483  6816120950265246365      0.435       1.76      0.310   0.414274    746    750    750
747      53  7805386255285820938      0.432       1.56      0.353   0.439396    747    767    717
748     167 11097487515157245521      0.432       2.06      0.288   0.467215    748    716    755
749     495  4731247987008277517      0.429       2.44      0.208   0.604719    749    680    782
750     134 13589432367138159914      0.427       1.71      0.349   0.422215    750    756    723
751     598  8407020382269755332      0.409       1.84      0.249   0.607511    751    738    772
752     329 12492302601686776932      0.401       1.90      0.276   0.467146    752    730    761
753     583   848003557575214973      0.386       1.57      0.336   0.409199    753    764    734
754     125  9358171881360946917      0.384       1.54      0.325   0.441929    754    768    744
755     470   900085639507806285      0.379       1.79      0.248   0.501599    755    747    773
756     704   252316394115499867      0.379       1.47      0.327   0.442366    756    773    742
757     249 15439090924225505963      0.374       1.51      0.342   0.423824    757    770    728
758     321  6650320388846534471      0.366       1.29      0.358   0.418881    758    781    710
759     408  3797041485664661291      0.365       1.28      0.376   0.402326    759    782    680
760     477  7536585851162077942      0.361       1.50      0.313   0.464790    760    771    749
761     475  2506805256647737148      0.355       1.34      0.333   0.430630    761    777    738
762     460  7597320226734533446      0.348       1.30      0.325   0.452156    762    779    745
763     102  1814698889505195029      0.341       1.69      0.258   0.474328    763    758    769
764     369 16146537198399972905      0.340       1.75      0.245   0.466482    764    752    774
765     257 13819216941667338957      0.330       1.62      0.260   0.597010    765    762    768
766      72  7352100732312028239      0.327       1.59      0.275   0.589903    766    763    762
767     381  4901735965086084294      0.325       1.56      0.271   0.431458    767    766    764
768     778 13443655695388338029      0.311       2.21      0.195   0.671125    768    704    783
769     406 16632373121993224395      0.310       1.53      0.262   0.437236    769    769    766
770     706 11242575973632002280      0.285       1.57      0.260   0.481522    770    765    767
771     175 17968698495398783821      0.273       1.11      0.309   0.459916    771    787    751
772     771  8169795355846548396      0.273       1.19      0.284   0.492956    772    786    758
773     799  1468347256711339872      0.271       1.05      0.349   0.401013    773    790    724
774     459  9175224538107414059      0.270       1.48      0.240   0.496867    774    772    776
775     432   398140131133904929      0.254       0.82      0.335   0.363598    775    797    735
776      32  7470341982011407245      0.252       1.35      0.241   0.556641    776    776    775
777     602 13204630989973744241      0.248       1.20      0.253   0.455104    777    785    770
778     490  6106937979961009098      0.242       1.41      0.210   0.525466    778    774    780
779     746  3087680617109673986      0.239       1.20      0.251   0.477418    779    784    771
780     269 14491720076057361279      0.239       1.81      0.158   0.600396    780    746    788
781     137 13772357656572001816      0.231       1.74      0.165   0.579686    781    753    785
782     603  9701410924382890467      0.196       1.01      0.264   0.501351    782    791    765
783     185 13217751650991926906      0.191       1.05      0.228   0.517903    783    789    778
784     597 14281302888208516522      0.189       1.11      0.274   0.471314    784    788    763
785     748  9516422334363827380      0.184       1.65      0.163   0.677902    785    761    787
786     280   546837647831782935      0.166       1.73      0.114   0.748456    786    754    790
787     333 13878916280738454865      0.149       0.87      0.209   0.463295    787    796    781
788     760 11123557885654010309      0.148       1.31      0.183   0.685825    788    778    784
789     271 17371714945230936257      0.148       1.70      0.093   0.743185    789    757    795
790     685 14681615227781716883      0.145       1.77      0.100   0.783530    790    749    793
791     690 11744823555175730483      0.139       1.38      0.107   0.713259    791    775    792
792     340 10059300210213685722      0.121       0.94      0.220   0.551233    792    794    779
793     552 14474017133760541748      0.119       1.30      0.119   0.770214    793    780    789
794     234  6014663367315786843      0.086       0.97      0.113   0.851778    794    792    791
795     588  8994507355723126344      0.070       0.88      0.096   0.812813    795    795    794
796     343  3809595899664814066      0.064       0.76      0.092   0.983979    796    798    796
797     411  9553339612768368985      0.063       0.95      0.076   0.888700    797    793    797
798     379 11225099601985138020      0.063       1.22      0.054   0.770499    798    783    798
799      70  4744693069029537810      0.025       0.33      0.033   1.725587    799    799    799
800     662 17908318806972983187      0.000       0.02      0.002   3.907143    800    800    800

--- Top 10 by mean VPT*duty ---
rank    idx             esn_seed     VxD_mn     VPT_mn    duty_mn
1       656  7934791766227647176     1.3928     3.8477     0.4573
2        63  1696850237745360670     1.3183     3.5945     0.4675
3       622  4723812418940669644     1.2894     3.5885     0.4533
4       559 13660429474672275760     1.2802     3.5248     0.4657
5        79 13855727669952034446     1.2798     3.6465     0.4564
6       526 11107079897963074050     1.2748     3.5174     0.4673
7        93  5317305358098383147     1.2701     3.5601     0.4542
8       424 17717349217495225269     1.2699     3.4540     0.4664
9       702 14289311299760950470     1.2676     3.5065     0.4585
10      719  4944595549670057741     1.2628     3.6421     0.4577

--- Top 10 by mean VPT ---
rank    idx             esn_seed     VxD_mn     VPT_mn    duty_mn
1       656  7934791766227647176     1.3928     3.8477     0.4573
2        79 13855727669952034446     1.2798     3.6465     0.4564
3       719  4944595549670057741     1.2628     3.6421     0.4577
4        35 11785351815653675194     1.2620     3.6298     0.4428
5        63  1696850237745360670     1.3183     3.5945     0.4675
6       622  4723812418940669644     1.2894     3.5885     0.4533
7       531 17180349175808754359     1.1836     3.5755     0.4339
8        93  5317305358098383147     1.2701     3.5601     0.4542
9       783  9105407814512073881     1.2247     3.5554     0.4534
10      727 10445469505670146767     1.2372     3.5516     0.4496

--- Top 10 by mean duty ---
rank    idx             esn_seed     VxD_mn     VPT_mn    duty_mn
1       549 15079975640603413742     1.1777     3.2444     0.4812
2       617 16334572903455184609     1.1477     3.1902     0.4775
3       214  8927680972127330078     1.1958     3.3101     0.4771
4       792 17290233802289316557     1.1941     3.2871     0.4750
5       772 17895691614022313905     1.0870     3.0365     0.4737
6       732  8996600883823119658     1.1344     3.2857     0.4736
7       454  3025295971956058150     1.1632     3.1902     0.4733
8       657 15806710405114863993     1.2162     3.3353     0.4728
9        15 13525792340985291652     1.1523     3.2612     0.4727
10       74 16524137892421967850     1.2108     3.2498     0.4720

Cherry-pick: use esn_seed from the tables above with Train / OrbitSweep / FreeRun (same dim/M/dynamics). Weights were not saved here.
