
========================================================================
=== OrbitSweep final report (load-only; one freerun per orbit) ===
========================================================================
DIM=10  M=2  esn_seed=4112530987988204306  num_orbits=200000  threads=16
base_orbit_seed=9333312947715283458
weights=C:\HypercubeESN\models\lorenz_seed4112530987988204306_D10_M2
ok=200000 / 200000  failed=0
file/stdout keep: top 100 + bottom 10 by VPT*duty (not full table)

note: one freerun per orbit; VxD = VPT*duty for that run.

--- Top 100 by VPT*duty ---
rank    idx           orbit_seed        VxD        VPT       duty       RMSE  r_VxD  r_VPT r_duty
1    110733  2388117723453211896      6.355      12.12      0.524   0.391975      1      1   1542
2    169871 15078998699486663941      5.508       9.22      0.598   0.369804      2     16    114
3    149318  4069115764055887539      5.428       9.09      0.597   0.375161      3     19    116
4    109833 15725941846334144282      5.311       9.06      0.587   0.386294      4     21    176
5    166996  8230204023860650075      5.306       9.16      0.579   0.386791      5     17    242
6    166577 18127541243810909106      5.272      10.45      0.504   0.393186      6      3   2829
7     18844 11246760303407946938      5.207       8.33      0.625   0.391608      7     45     32
8    152130 11777129807477059187      5.204       8.57      0.608   0.381373      8     35     76
9    186372  3100015469563055686      5.132      10.05      0.510   0.386684      9      6   2357
10   125088    40739616462550206      4.855       8.31      0.584   0.374785     10     47    196
11    76588  8295993547751579923      4.809       8.04      0.598   0.368884     11     59    112
12   119982 10379366209447983433      4.790       8.40      0.570   0.378802     12     40    348
13   119340  2840325224863772127      4.785       8.10      0.591   0.396971     13     58    146
14     9773 12778054447327285974      4.718       9.71      0.486   0.394838     14      9   4667
15   183734  2569913041453592771      4.656       8.62      0.540   0.391375     15     32    931
16   102115  6433711948572197211      4.609       9.00      0.512   0.394577     16     23   2250
17    62171 11526500681396796181      4.563      11.61      0.393   0.399164     17      2  29252
18    43968 16908446603802000897      4.532       6.88      0.658   0.366320     18    239      2
19   125293 11109475119277615272      4.522       8.48      0.533   0.397238     19     38   1167
20    34064  9999776668256020854      4.514       8.97      0.503   0.417780     20     25   2926
21    60684 11053687327384721483      4.502       8.66      0.520   0.368225     21     31   1780
22    78999 13924490165398991254      4.481       8.26      0.542   0.394707     22     50    847
23   160575   726856891264674004      4.474       7.43      0.603   0.366637     23    122     89
24   196294 17642180779160319654      4.434       9.24      0.480   0.386633     24     15   5434
25    37635 16890964852969077485      4.418       7.55      0.585   0.365211     25    100    186
26   113502 16032116437908636995      4.405       8.75      0.503   0.416976     26     28   2927
27     8354 10084827011840438863      4.401       8.37      0.526   0.402445     27     43   1454
28   186304 15646999794748542321      4.375       7.03      0.623   0.364348     28    208     36
29   158216 10961981896652782360      4.358       8.17      0.533   0.402766     29     56   1165
30    21445  8458243522999050743      4.347       7.77      0.559   0.385369     30     79    498
31     8650 14157901851270722874      4.228       8.59      0.492   0.399674     31     34   3934
32    78728  3040568807500622221      4.226      10.40      0.406   0.401831     32      4  23548
33    39529 15629387554862236765      4.225       8.66      0.488   0.396922     33     30   4403
34   106960 11784264535421947322      4.215       9.07      0.465   0.410809     34     20   7781
35    73344  9231268186371781425      4.198       8.31      0.505   0.411467     35     48   2758
36    20232  2466689417052699382      4.198       9.67      0.434   0.400126     36     10  14611
37     6274 13648950185094315519      4.191       9.98      0.420   0.410640     37      7  18837
38     1158  3820256403801712159      4.153       7.39      0.562   0.383393     38    125    453
39    12282 15331816227451031771      4.142       6.54      0.633   0.383548     39    342     15
40   119889 12497163518284070182      4.139      10.27      0.403   0.397599     40      5  25006
41   123227 11287054873015127282      4.137       7.66      0.540   0.394599     41     92    940
42    51508  3614477995005831493      4.131       8.87      0.466   0.395354     42     27   7606
43   176238  3733690042148913884      4.126       6.41      0.643   0.340243     43    403      9
44   152934  7642827238239437643      4.104       7.01      0.586   0.376438     44    211    182
45    10094 17452923545958089237      4.095       7.70      0.532   0.405455     45     88   1218
46   138660  1699522359911129239      4.085       7.72      0.529   0.405776     46     86   1314
47   137943  7730991648230479828      4.078       7.64      0.533   0.376711     47     94   1169
48    74921   342920212748715133      4.068       6.90      0.590   0.344830     48    232    156
49   160767 14063222320163731992      4.063       6.85      0.594   0.383721     49    249    134
50    43275  9930543373984972676      4.052       9.64      0.420   0.407499     50     11  18626
51     1426  9608447135237187165      4.037       7.08      0.570   0.382355     51    198    342
52   137923  6368605674975044849      3.992       7.24      0.551   0.398084     52    158    650
53   138993  1878149366304268726      3.988       7.32      0.545   0.399693     53    137    771
54    49385  9220758775260295531      3.985       9.13      0.436   0.429977     54     18  13885
55   195912  4893164693346654617      3.984       9.64      0.413   0.415978     55     12  21010
56    82675 17813979080147588574      3.981       6.34      0.628   0.367957     56    433     26
57    58540  8365258318888172591      3.973       7.55      0.526   0.413135     57    101   1469
58   166698   451498319802260155      3.968       6.94      0.572   0.377346     58    224    308
59   190306  7503443278868815955      3.956       7.15      0.553   0.385152     59    173    609
60    68298  1810505252175154065      3.950       7.63      0.518   0.392556     60     96   1910
61    81507  7831340686423256209      3.945       6.52      0.605   0.361194     61    351     84
62   198162 14929220780700551986      3.909       6.52      0.600   0.386959     62    350    102
63    32455 12570637209150661041      3.899       7.28      0.535   0.404484     63    149   1106
64   117514 12459748306265510804      3.871       6.74      0.575   0.367178     64    280    285
65   106677  3323354973571647253      3.869       7.34      0.527   0.373873     65    134   1419
66    24649  3603780158545615296      3.865       6.86      0.563   0.390536     66    242    436
67    43066 10757397971096952265      3.862       8.33      0.464   0.406097     67     44   7888
68   148960  9930207397937352962      3.843       6.50      0.591   0.372237     68    353    148
69    30843 11809612556226952605      3.842       6.67      0.577   0.368848     69    308    260
70    24757 15972360263341201946      3.841       7.10      0.541   0.388494     70    194    904
71     2042  9945148536699925007      3.834       6.83      0.561   0.379130     71    253    467
72    31897 16542885768755447030      3.829       9.42      0.406   0.407879     72     13  23616
73   136205 11768278958056698644      3.813       7.73      0.493   0.396255     73     82   3892
74    27428 18409471842676827599      3.805       7.88      0.483   0.389342     74     66   5075
75    75681 18122443226668134650      3.804       7.14      0.533   0.421966     75    183   1189
76   166959  2642082665157932406      3.789       7.14      0.531   0.387166     76    178   1264
77   141950 17978483736380342342      3.779       7.32      0.516   0.403914     77    140   1978
78       44  1340436115174237958      3.778       9.36      0.404   0.413274     78     14  24780
79   183209  8316648516573620839      3.773       7.97      0.473   0.421166     79     64   6345
80    61322  2706775989224255382      3.771       6.18      0.611   0.379136     80    508     64
81   171745 13501490938026340694      3.766       7.52      0.501   0.392566     81    108   3113
82   176839  4944563336792391872      3.760       7.64      0.492   0.406566     82     93   4005
83   157317 13875202431421800296      3.748       6.36      0.590   0.371666     83    431    153
84    91888  5754468933010726907      3.739       7.08      0.528   0.413591     84    197   1384
85   147500  7581240811664681452      3.737       7.77      0.481   0.398859     85     78   5331
86   198726  6240888224301514169      3.735       7.32      0.510   0.440322     86    142   2342
87   132755  4607825502684945274      3.726       6.92      0.538   0.399500     87    228    996
88    31230 14300455849191190064      3.725       7.84      0.475   0.401838     88     69   6098
89   119496 15469329631902254713      3.721       7.48      0.497   0.395251     89    114   3432
90   129630 13051589733974478296      3.707       8.37      0.443   0.412495     90     42  12241
91    45349  8537281164547342449      3.695       6.76      0.547   0.403979     91    271    724
92    35222  9079883845812469805      3.682       7.14      0.516   0.397597     92    180   2014
93   105912   670279311611310774      3.671       8.24      0.446   0.414715     93     52  11628
94    37995  4472708326991914501      3.663       6.99      0.524   0.395885     94    215   1557
95   135181  9485222418181171232      3.654       7.66      0.477   0.426957     95     91   5841
96   143817 11027299787742074259      3.651       7.53      0.484   0.422185     96    105   4861
97    23273  3801906293597187204      3.647       7.48      0.487   0.406306     97    115   4511
98   153120 16800214440322408817      3.633       7.79      0.467   0.408946     98     75   7433
99    89275 18184156657241809830      3.628       7.53      0.481   0.400385     99    106   5270
100   55116  3344317351640291774      3.622       5.54      0.653   0.372282    100   1015      4

--- Bottom 10 by VPT*duty (worst) ---
rank    idx           orbit_seed        VxD        VPT       duty       RMSE  r_VxD  r_VPT r_duty
199991 123647  6211690276300937354      0.005       0.16      0.030   0.559276 199991 196554 199986
199992  41215  3905585888074834961      0.005       0.18      0.026   0.560003 199992 196220 199995
199993  78875  1286849706322674460      0.005       0.14      0.032   0.548169 199993 199230 199979
199994  75478 16027557119680955259      0.005       0.20      0.023   0.542146 199994 190748 199999
199995 114420  6419593696348418331      0.004       0.14      0.030   0.544841 199995 199163 199985
199996 102331 12984477915184629980      0.004       0.14      0.029   0.553382 199996 199227 199987
199997  83034  7489186570982585200      0.004       0.13      0.034   0.543792 199997 199860 199973
199998 108489 15926282442183487858      0.004       0.16      0.026   0.535902 199998 197829 199996
199999  50428 17864870846620379836      0.004       0.14      0.025   0.536250 199999 199115 199997
200000 131202  1762043850073858381      0.004       0.18      0.019   0.539813 200000 194191 200000

--- Top 10 by VPT*duty ---
rank    idx           orbit_seed        VxD        VPT       duty       ic_x       ic_y       ic_z
1    110733  2388117723453211896     6.3553    12.1169     0.5245   0.206759  -0.406389   0.461043
2    169871 15078998699486663941     5.5084     9.2190     0.5975   0.610607   0.361643   0.120781
3    149318  4069115764055887539     5.4281     9.0922     0.5970  -0.005008  -0.173322   0.682589
4    109833 15725941846334144282     5.3113     9.0560     0.5865  -0.874940  -0.516062   0.751525
5    166996  8230204023860650075     5.3063     9.1647     0.5790   0.355553   0.293284   0.925481
6    166577 18127541243810909106     5.2723    10.4506     0.5045   0.277361  -0.636346   0.492151
7     18844 11246760303407946938     5.2072     8.3315     0.6250   0.866078   0.029515   0.248555
8    152130 11777129807477059187     5.2044     8.5670     0.6075  -0.279997  -0.604479   0.686381
9    186372  3100015469563055686     5.1316    10.0522     0.5105  -0.670210   0.849281   0.943630
10   125088    40739616462550206     4.8550     8.3134     0.5840   0.746445  -0.424174   0.825839

--- Top 10 by VPT ---
rank    idx           orbit_seed        VxD        VPT       duty       ic_x       ic_y       ic_z
1    110733  2388117723453211896     6.3553    12.1169     0.5245   0.206759  -0.406389   0.461043
2     62171 11526500681396796181     4.5626    11.6098     0.3930  -0.821301  -0.416493   0.673847
3    166577 18127541243810909106     5.2723    10.4506     0.5045   0.277361  -0.636346   0.492151
4     78728  3040568807500622221     4.2261    10.3963     0.4065   0.893688   0.784467   0.810291
5    119889 12497163518284070182     4.1386    10.2695     0.4030  -0.899346   0.861701   0.208385
6    186372  3100015469563055686     5.1316    10.0522     0.5105  -0.670210   0.849281   0.943630
7      6274 13648950185094315519     4.1915     9.9797     0.4200   0.629142   0.487992   0.687858
8    160370  2576470412001283956     3.4725     9.9073     0.3505   0.610406   0.687487   0.763693
9      9773 12778054447327285974     4.7181     9.7080     0.4860   0.004446  -0.556626   0.793641
10    20232  2466689417052699382     4.1976     9.6718     0.4340  -0.739005   0.367530   0.156288

--- Top 10 by duty ---
rank    idx           orbit_seed        VxD        VPT       duty       ic_x       ic_y       ic_z
1     68639 10178355125989985206     0.6124     0.9237     0.6630  -0.568481  -0.786394   0.637387
2     43968 16908446603802000897     4.5322     6.8826     0.6585  -0.026240   0.725548   0.594339
3     14557  8759799783705218230     2.7866     4.2382     0.6575   0.809842   0.748935   0.948579
4     55116  3344317351640291774     3.6219     5.5423     0.6535  -0.674535   0.182512   0.083379
5    180041 18216428641293767094     0.2834     0.4347     0.6520  -0.012866   0.227839   0.225978
6    106571 13729499552918955189     1.5588     2.3908     0.6520   0.637403   0.821934   0.705867
7     93151 16355563679039691784     0.2358     0.3622     0.6510  -0.755235   0.469938   0.728290
8      7120  9489551934672422511     0.3042     0.4709     0.6460  -0.433783  -0.732843   0.175612
9    176238  3733690042148913884     4.1259     6.4116     0.6435  -0.472355   0.797880   0.656343
10    29709  2781030522546428474     1.5606     2.4270     0.6430   0.043376  -0.238280   0.238899

Best orbit_seed=2388117723453211896  VxD=6.3553  VPT=12.1169  duty=0.5245
  IC=(0.206759, -0.406389, 0.461043)  (display only)
  FreeRun(10, 2, 4112530987988204306, /*SR*/0.f, /*IS*/0.f, 2388117723453211896, "C:\HypercubeESN\models\lorenz_seed4112530987988204306_D10_M2");

Cherry-pick: FreeRun with orbit_seed above (not rounded IC floats), same esn_seed and weights path.
