
========================================================================
=== SeedSweep final report (top-10% freerun means) ===
========================================================================
DIM=10  M=2  num_seeds=800  threads=16  epochs=100  freerun_runs=1000
base_esn_seed=1002999015000000000  base_orbit_seed=9333312947715283458
ok=800 / 800

--- All seeds (sorted by mean VPT*duty) ---
note: VxD_mn is mean of top-10% (VPT*duty) products, not VPT_mn*duty_mn (top-10% pools are independent per metric).
rank    idx             esn_seed     VxD_mn     VPT_mn    duty_mn    RMSE_mn  r_VxD  r_VPT r_duty
1       715   696634088797950509      1.364       3.68      0.454   0.423162      1      2    128
2       188  5330595307729750981      1.334       3.61      0.458   0.422594      2      5     81
3       248 14976414781522632523      1.331       3.62      0.475   0.421385      3      4      6
4       541   758712030103328587      1.306       3.56      0.460   0.422044      4      9     64
5       470   900085639507806285      1.305       3.52      0.459   0.421720      5     14     69
6       709  6963774647319908809      1.302       3.57      0.469   0.415223      6      7     23
7       698  5125114749958504320      1.299       3.55      0.457   0.420757      7     11     94
8       753 10660019614269331060      1.297       3.48      0.477   0.420482      8     24      2
9       770 13871537636959942979      1.292       3.57      0.462   0.408100      9      8     50
10      411  9553339612768368985      1.280       3.64      0.456   0.425398     10      3    101
11      729 13129376564932461054      1.280       3.51      0.452   0.422950     11     17    146
12      611 15600303968632707817      1.273       3.44      0.469   0.419923     12     40     25
13      297  1508652764589495505      1.269       3.57      0.452   0.424914     13      6    147
14       17 13769974450290969021      1.269       3.75      0.431   0.429533     14      1    361
15       15 13525792340985291652      1.266       3.47      0.468   0.422458     15     31     27
16      549 15079975640603413742      1.258       3.42      0.455   0.419968     16     58    112
17       30 12856148848796066448      1.256       3.47      0.469   0.395366     17     33     21
18      403  1604231934817132780      1.253       3.44      0.458   0.425201     18     41     87
19      478 16234739662377920526      1.248       3.43      0.475   0.423518     19     51      5
20      792 17290233802289316557      1.245       3.51      0.458   0.424446     20     16     86
21      754  3044325672790866220      1.242       3.45      0.455   0.423312     21     39    109
22      663 12867917538253474736      1.241       3.38      0.482   0.418570     22     83      1
23      140  4653726255977615636      1.240       3.44      0.453   0.422390     23     45    140
24      509  8177263334548785538      1.236       3.40      0.443   0.417863     24     67    235
25       79 13855727669952034446      1.236       3.43      0.471   0.423847     25     55      9
26      521  8585937902693122814      1.234       3.36      0.461   0.422501     26    101     54
27      451 11108150664209214610      1.234       3.43      0.465   0.422979     27     52     30
28        3 17306671139263608454      1.232       3.44      0.444   0.426241     28     44    232
29      676 11429901419443757718      1.231       3.50      0.460   0.426145     29     21     61
30      738  8543090304789037507      1.231       3.50      0.433   0.428310     30     19    334
31      794  4950050133777070656      1.228       3.47      0.454   0.419683     31     27    136
32      407 12812551406092992334      1.227       3.56      0.443   0.423017     32     10    237
33      720 10104290398794581432      1.226       3.47      0.447   0.413467     33     30    202
34      312 10945602548729668910      1.223       3.44      0.471   0.420404     34     46     10
35      137 13772357656572001816      1.222       3.48      0.460   0.417809     35     26     63
36      103   592461664301088428      1.220       3.37      0.468   0.423266     36     91     26
37      190 14654206641214420433      1.220       3.31      0.461   0.425558     37    131     55
38      496  9759927329523687160      1.220       3.42      0.476   0.405474     38     57      4
39      154  2359805776836175054      1.219       3.27      0.469   0.421981     39    164     22
40      742  5509621597049145229      1.219       3.34      0.457   0.419823     40    108     93
41      166  7446619053544319530      1.216       3.33      0.462   0.422793     41    112     52
42      732  8996600883823119658      1.214       3.38      0.455   0.424654     42     85    114
43      279 15327969273908904494      1.214       3.37      0.469   0.415576     43     92     17
44      412  6755803033490384922      1.214       3.35      0.449   0.424616     44    102    182
45      118  1792731516334516334      1.214       3.51      0.443   0.417039     45     15    239
46      529 18188267400078704734      1.213       3.54      0.441   0.418384     46     13    259
47      567 10533844300617944104      1.211       3.33      0.444   0.426439     47    116    223
48      201 17606392660029804566      1.210       3.47      0.441   0.424539     48     32    254
49      635 13435823681926491900      1.210       3.45      0.461   0.400980     49     38     57
50      444 17738612181955290250      1.210       3.46      0.465   0.424556     50     34     33
51      354  1314342829607705822      1.205       3.45      0.424   0.417297     51     37    422
52      656  7934791766227647176      1.205       3.44      0.464   0.422121     52     47     43
53      127 12338926389363267165      1.204       3.48      0.453   0.424770     53     25    144
54      622  4723812418940669644      1.204       3.33      0.477   0.418378     54    120      3
55      551  7312411610710822227      1.201       3.44      0.462   0.423212     55     48     53
56      796  8078643105265855797      1.200       3.42      0.450   0.424816     56     61    165
57       86  1826540127586587226      1.199       3.47      0.458   0.423527     57     29     79
58      215  9419813872687931456      1.198       3.39      0.459   0.422098     58     73     71
59       64  8370544324519749614      1.197       3.54      0.456   0.424644     59     12    105
60      222 17152358511065608057      1.196       3.44      0.445   0.423172     60     42    210
61      702 14289311299760950470      1.196       3.40      0.439   0.424268     61     68    277
62      610 10201570615112633806      1.195       3.30      0.455   0.423081     62    142    120
63      774  2234612559048934080      1.194       3.38      0.452   0.418345     63     81    151
64      162  3519570824852639382      1.194       3.39      0.457   0.422012     64     80     91
65      129  2732938694566299947      1.193       3.37      0.452   0.423675     65     94    155
66      727 10445469505670146767      1.193       3.38      0.448   0.427105     66     90    187
67      406 16632373121993224395      1.191       3.49      0.455   0.425182     67     23    111
68      682 16238888985198430711      1.189       3.39      0.437   0.416291     68     74    305
69      139  4339718421267049102      1.188       3.31      0.458   0.423390     69    128     83
70      657 15806710405114863993      1.187       3.33      0.445   0.423010     70    115    214
71      339  2500027868330265707      1.187       3.21      0.469   0.426190     71    231     24
72       70  4744693069029537810      1.186       3.36      0.472   0.422886     72    100      8
73      328 14109289180622874763      1.186       3.36      0.456   0.423006     73     97     97
74       42 15444161686625453692      1.184       3.39      0.455   0.425318     74     75    117
75      671  4704684974054747738      1.184       3.36      0.469   0.422516     75     96     15
76      400  3669394865317059207      1.184       3.50      0.431   0.429492     76     20    362
77      785 11166398225022227360      1.183       3.34      0.444   0.428426     77    109    229
78      764 11578689765325901978      1.183       3.45      0.445   0.424710     78     36    212
79       93  5317305358098383147      1.183       3.26      0.471   0.424897     79    180     11
80      713 16204465698469000359      1.183       3.38      0.434   0.422909     80     84    328
81      307  1423515048110217007      1.183       3.27      0.460   0.425542     81    165     66
82       49  3525181187776282391      1.181       3.49      0.440   0.427218     82     22    266
83      455 15567642038561310690      1.179       3.39      0.458   0.425379     83     78     88
84      636  6653254712676953424      1.179       3.30      0.464   0.423686     84    133     44
85      277   242463388547793790      1.179       3.30      0.456   0.423563     85    137    100
86       98 14020678451309944397      1.178       3.39      0.448   0.427991     86     72    188
87      581   289550932053935094      1.177       3.37      0.463   0.424025     87     95     46
88      660  7362099475143380281      1.177       3.32      0.465   0.421588     88    123     32
89      178   613590340683033233      1.177       3.46      0.443   0.404568     89     35    241
90      730  7452297661755061350      1.177       3.37      0.442   0.424721     90     93    250
91      668 14604825411508779318      1.176       3.29      0.462   0.425265     91    149     49
92      128  8828536939790331433      1.176       3.50      0.434   0.411882     92     18    331
93      548 14612242496217648679      1.175       3.25      0.457   0.414295     93    189     90
94      531 17180349175808754359      1.175       3.38      0.465   0.424105     94     88     36
95      413 13431275153296210878      1.174       3.41      0.460   0.425328     95     62     65
96      746  3087680617109673986      1.174       3.32      0.442   0.427391     96    122    246
97      532 14633070693533867896      1.174       3.28      0.452   0.413734     97    152    152
98      703  5291606515930983683      1.174       3.33      0.459   0.426318     98    113     73
99      280   546837647831782935      1.173       3.35      0.449   0.420390     99    103    176
100     459  9175224538107414059      1.172       3.30      0.461   0.421346    100    143     60
101     650 10083395476654627692      1.170       3.32      0.451   0.422871    101    121    163
102     250  6127913292760207042      1.170       3.36      0.452   0.424118    102     99    153
103     595 14492950121814913990      1.169       3.41      0.450   0.415305    103     63    167
104      31 14945471647392039681      1.167       3.21      0.469   0.418623    104    227     14
105     617 16334572903455184609      1.167       3.40      0.445   0.416457    105     71    216
106     533 11568142620312333309      1.166       3.29      0.443   0.426206    106    145    242
107     482 17898855242919789465      1.166       3.38      0.449   0.422240    107     86    179
108     311  6215607291422449651      1.165       3.22      0.459   0.417088    108    224     68
109     356 12897538353354175138      1.165       3.28      0.454   0.418988    109    153    133
110      81 12805779382161377842      1.165       3.44      0.426   0.411764    110     49    405
111       9 13265426551472630865      1.165       3.30      0.450   0.417871    111    141    173
112     631 10826093419149409754      1.164       3.40      0.458   0.425496    112     69     82
113     765 12679200786298713579      1.164       3.43      0.433   0.417786    113     50    338
114     108 16216778157713721617      1.164       3.29      0.469   0.420129    114    148     16
115     633  1513903589643506756      1.164       3.26      0.445   0.422212    115    177    211
116     607  1586197099882879725      1.163       3.35      0.452   0.421892    116    105    148
117     621  5991612728625767525      1.163       3.40      0.443   0.427556    117     66    240
118      44 13452365402855698419      1.163       3.26      0.449   0.424844    118    181    174
119     262 11555333072972940765      1.161       3.26      0.451   0.420448    119    182    157
120     104 10562257859559728889      1.161       3.29      0.427   0.402479    120    147    398
121     143 18445856719646111938      1.161       3.40      0.452   0.425127    121     70    154
122     512  4083348629481017353      1.160       3.25      0.454   0.421573    122    185    135
123     223  1689056607886250721      1.160       3.38      0.453   0.422908    123     82    145
124     102  1814698889505195029      1.160       3.34      0.457   0.422759    124    107     95
125     397  2096962672418366145      1.160       3.43      0.454   0.423765    125     53    124
126     692   938258227231889449      1.158       3.39      0.435   0.427790    126     76    320
127     373 11958826070709494401      1.158       3.25      0.464   0.410740    127    193     41
128     348  6869155468901618632      1.157       3.28      0.426   0.427048    128    157    409
129     153  3087023548853614822      1.154       3.34      0.462   0.423877    129    111     48
130     748  9516422334363827380      1.154       3.23      0.470   0.423131    130    203     13
131     273 11615385820683652101      1.153       3.30      0.445   0.425708    131    136    221
132     536  5840511457122003325      1.153       3.23      0.455   0.426239    132    201    115
133     268  5186135322947904502      1.151       3.40      0.443   0.426181    133     65    238
134      69 16695192424604234437      1.150       3.31      0.438   0.429082    134    129    291
135       4  1296734873149627592      1.150       3.38      0.441   0.418898    135     87    263
136       7  6116232655979643578      1.150       3.26      0.453   0.426368    136    175    138
137     667 12185257358847237006      1.150       3.27      0.419   0.429362    137    167    459
138      23 10265009700742074104      1.148       3.35      0.441   0.425368    138    104    255
139     216 13238109286791164793      1.148       3.29      0.442   0.420273    139    146    248
140     641 12347948927470663073      1.147       3.34      0.432   0.407602    140    106    348
141     285 14915235217978233043      1.144       3.31      0.432   0.421967    141    126    353
142     498 13433985302971783278      1.142       3.25      0.435   0.422073    142    186    323
143     577  7861893771847890690      1.142       3.31      0.458   0.424295    143    125     77
144      29  7884084952579709257      1.141       3.33      0.444   0.426631    144    119    225
145     187  1421305765415891951      1.141       3.32      0.441   0.419182    145    124    261
146     758  8371595388205647642      1.141       3.31      0.455   0.423093    146    130    118
147     528  1844112079097078281      1.139       3.25      0.443   0.427978    147    188    245
148     576 15517478937733963612      1.139       3.30      0.436   0.416458    148    134    307
149     282 16774336351598620865      1.138       3.20      0.450   0.425434    149    240    166
150     658 16948909755943119159      1.138       3.30      0.461   0.423705    150    135     58
151     193  1934213336504735520      1.138       3.28      0.447   0.417823    151    158    193
152     672 13562744323174204122      1.138       3.40      0.433   0.408328    152     64    335
153     327  5999898426424885577      1.138       3.39      0.405   0.417333    153     77    558
154      68 13526631497262040408      1.137       3.34      0.438   0.427196    154    110    292
155      72  7352100732312028239      1.137       3.36      0.427   0.424445    155     98    391
156     288  6461037296157168862      1.137       3.23      0.462   0.422775    156    211     51
157     109  2992651900257042312      1.136       3.27      0.454   0.422059    157    166    129
158     378 16494960894308859594      1.136       3.30      0.451   0.422257    158    140    158
159      62  7177932529503219229      1.136       3.23      0.465   0.425784    159    214     37
160     526 11107079897963074050      1.135       3.42      0.451   0.408472    160     60    161
161     574  8042841377871681452      1.135       3.33      0.454   0.421514    161    117    134
162     301  3079493423467196890      1.135       3.26      0.450   0.428521    162    178    172
163     369 16146537198399972905      1.133       3.31      0.456   0.418111    163    127    102
164     591  8982357012682103037      1.133       3.39      0.446   0.423809    164     79    206
165     708 14884963152919897189      1.133       3.44      0.436   0.427139    165     43    316
166     721  1913043352964877144      1.132       3.26      0.452   0.417114    166    173    150
167     204  7155349703358211036      1.132       3.30      0.450   0.422248    167    138    170
168     507 16903177617840625325      1.131       3.43      0.422   0.407036    168     54    441
169     670  8488933093583292245      1.129       3.42      0.438   0.410400    169     59    283
170     365  5059790170102402423      1.129       3.24      0.437   0.422799    170    197    303
171      75 12812762298793681121      1.128       3.19      0.450   0.427279    171    260    169
172     736  4607093582404268894      1.128       3.28      0.454   0.424105    172    159    137
173     524 10402359954153541494      1.128       3.19      0.456   0.423324    173    256    104
174      87  1301153329266374101      1.127       3.28      0.460   0.421471    174    155     62
175     791  6850581541679997683      1.127       3.09      0.469   0.421816    175    350     18
176     593   693126739203421740      1.126       3.23      0.444   0.427528    176    208    230
177     560  9426164090239980089      1.126       3.15      0.465   0.424730    177    290     31
178     598  8407020382269755332      1.125       3.24      0.447   0.426423    178    196    200
179     731  4097691284344713429      1.124       3.29      0.451   0.428256    179    150    162
180     503 10253254895481126005      1.124       3.22      0.454   0.426414    180    219    123
181     158 16659754858292628237      1.124       3.23      0.458   0.422085    181    213     84
182       8  5805958870133268815      1.123       3.18      0.460   0.424031    182    263     67
183     330 18212246886615535667      1.122       3.15      0.465   0.414953    183    288     34
184      19  5794408322784501650      1.121       3.21      0.455   0.420171    184    232    119
185     673 11951320906347421245      1.121       3.27      0.445   0.427866    185    170    213
186     743 12609283919093229310      1.118       3.27      0.472   0.419154    186    171      7
187     640 18088544380830031292      1.118       3.13      0.455   0.424120    187    308    113
188     315  9812696557159545607      1.118       3.16      0.442   0.416010    188    279    249
189      63  1696850237745360670      1.117       3.28      0.439   0.423871    189    162    281
190     305 10234917759508886765      1.115       3.18      0.446   0.401171    190    267    205
191     419  8371646521006583681      1.115       3.22      0.454   0.424890    191    216    125
192      89 15277244316785691522      1.115       3.02      0.467   0.422909    192    402     29
193     719  4944595549670057741      1.115       3.24      0.459   0.424292    193    200     76
194     545   220937258851906558      1.115       3.42      0.421   0.395722    194     56    452
195     700 15553852613422231338      1.114       3.33      0.448   0.421973    195    114    184
196      47  9428890870435157015      1.114       3.38      0.427   0.406800    196     89    403
197      45 15090815952120869743      1.114       3.33      0.448   0.426402    197    118    190
198     256  3918569042304629133      1.113       3.28      0.426   0.423676    198    161    408
199     669 11339571370171630375      1.113       3.28      0.437   0.421267    199    160    302
200     401 18405365351339599371      1.112       3.18      0.449   0.425856    200    265    175
201     472 12448695259486466294      1.111       3.17      0.449   0.427474    201    277    180
202     447  8843851856875942054      1.111       3.25      0.457   0.421655    202    187     89
203     491  8956202093370491945      1.111       3.20      0.452   0.427494    203    248    149
204     126  2633690831389363879      1.110       3.23      0.436   0.424603    204    207    306
205     292 11643981733133678207      1.110       3.28      0.442   0.417997    205    156    252
206     272  9234625090493645376      1.108       3.13      0.435   0.404593    206    307    324
207      83  4220362218700801006      1.107       3.21      0.448   0.425234    207    234    191
208     461   329743815502486694      1.107       3.19      0.458   0.415740    208    257     85
209      18  5924020500239312360      1.107       3.26      0.440   0.427103    209    172    271
210     493 13967431721778999859      1.105       3.15      0.441   0.421264    210    291    256
211     326   275690289431049217      1.104       3.25      0.441   0.418862    211    183    265
212     141 10170285745480955527      1.103       3.25      0.428   0.428449    212    184    380
213     783  9105407814512073881      1.103       3.17      0.438   0.420142    213    276    290
214     358  9613789996503107413      1.101       3.30      0.425   0.422042    214    132    414
215     368  9175410075361841188      1.101       3.22      0.448   0.428422    215    225    189
216      34 16710125285188082108      1.101       3.28      0.444   0.426602    216    163    224
217     550  2056973521126668886      1.099       3.27      0.396   0.411885    217    169    604
218     779  9565537796904823742      1.099       3.22      0.464   0.397891    218    223     42
219     293 12972407724341297256      1.097       3.19      0.456   0.423867    219    261     99
220     553  4977723351471827493      1.097       3.10      0.464   0.422960    220    334     40
221     362  9866759805445969471      1.097       3.17      0.443   0.424806    221    274    243
222     468  8880062694097621529      1.097       3.16      0.454   0.418992    222    281    127
223     737  7941437901740015324      1.096       3.22      0.442   0.419290    223    221    251
224      80 14793822456511150436      1.096       3.12      0.453   0.420963    224    318    142
225     559 13660429474672275760      1.096       3.20      0.456   0.423424    225    252    103
226     179  7886480911456533748      1.095       3.21      0.444   0.426167    226    228    228
227     361 17374128420503625720      1.095       3.09      0.468   0.425383    227    340     28
228     763 15080052123105960825      1.094       3.17      0.447   0.426722    228    275    192
229     462  5090305462744725437      1.093       3.21      0.446   0.425869    229    229    207
230     133  3001008323528769965      1.093       3.20      0.397   0.416221    230    251    601
231     119  9101030710521199011      1.092       3.12      0.449   0.427777    231    315    177
232     360 13233193657990621209      1.092       3.20      0.455   0.424573    232    247    121
233     762  3520645435959983227      1.092       3.22      0.454   0.422161    233    217    130
234     398   380596127885390494      1.091       3.29      0.430   0.426709    234    151    369
235     332  2569248341961206526      1.090       3.03      0.459   0.420955    235    397     70
236     374  6223902085268162303      1.089       3.16      0.463   0.416580    236    286     47
237     722 16230652217437670336      1.089       3.13      0.425   0.430532    237    313    417
238     289 17634570015460857325      1.088       3.16      0.429   0.400031    238    282    371
239     582 12455552568941260104      1.088       3.14      0.459   0.425483    239    303     72
240     510  7517724635357604682      1.088       3.21      0.456   0.424778    240    237     98
241      82 13664248832179905012      1.088       3.24      0.425   0.424549    241    198    413
242     146  4187774267746450188      1.088       3.09      0.456   0.425434    242    352    107
243     253  9795616806846393638      1.086       3.22      0.439   0.412730    243    222    276
244     714 13782715406986460949      1.085       3.27      0.436   0.425956    244    168    314
245     555 10439011436082130201      1.085       3.01      0.469   0.423007    245    413     20
246     195 11683744515682750721      1.085       3.23      0.407   0.423675    246    204    546
247      41  9900506342981259096      1.085       3.23      0.458   0.420771    247    210     80
248     221 16437287177099178506      1.084       3.11      0.434   0.420942    248    331    329
249     561  2932506105755326466      1.084       3.05      0.446   0.428026    249    379    209
250     476 17579399301286970293      1.084       3.06      0.461   0.425947    250    373     56
251     600  6183757751925746490      1.084       3.20      0.429   0.408362    251    242    372
252     255  6517814790655564361      1.082       3.20      0.441   0.425959    252    249    258
253      35 11785351815653675194      1.082       3.25      0.439   0.427726    253    192    278
254      50 10454815312731410020      1.082       3.23      0.432   0.427373    254    215    345
255     518 12679107740558721880      1.081       3.21      0.427   0.401959    255    230    399
256     604 13044133615230558013      1.081       3.22      0.438   0.422764    256    226    287
257     347 16717303972457208872      1.081       3.17      0.431   0.405833    257    273    363
258     772 17895691614022313905      1.081       3.13      0.461   0.420454    258    310     59
259     432   398140131133904929      1.080       3.11      0.454   0.424188    259    329    131
260     353  5269540757710827256      1.080       3.13      0.449   0.420761    260    306    181
261     769  9046500501457320738      1.079       3.12      0.453   0.418575    261    325    143
262     542  6049113831830189953      1.079       3.16      0.454   0.420559    262    283    132
263     329 12492302601686776932      1.078       3.19      0.445   0.426851    263    258    215
264     110 15926764505928812913      1.077       3.09      0.457   0.427385    264    347     92
265      90  3955736023440666143      1.077       3.09      0.429   0.425949    265    353    378
266      71  6503977554593644180      1.076       3.12      0.443   0.424557    266    319    233
267      92  4112530987988204306      1.076       3.08      0.450   0.424707    267    357    171
268      55   434143159729980091      1.075       3.12      0.447   0.405483    268    316    196
269     537 11464629276972248074      1.075       3.23      0.432   0.428154    269    209    351
270     299 11369716234639556352      1.074       3.15      0.436   0.422258    270    289    311
271     711  3220470616941525546      1.074       3.18      0.440   0.418304    271    270    269
272     723 17997462890582787169      1.074       3.15      0.437   0.416525    272    295    299
273      91 10645298449229141243      1.074       3.20      0.459   0.414462    273    253     75
274     165 17678071345621015662      1.073       3.09      0.446   0.424302    274    345    203
275     499  6504489097291596821      1.073       3.12      0.455   0.423669    275    321    110
276     424 17717349217495225269      1.073       3.18      0.450   0.428322    276    272    168
277     337  7017760630171317055      1.073       3.11      0.447   0.407077    277    330    195
278     454  3025295971956058150      1.071       3.13      0.435   0.428696    278    311    319
279     323 11676021276890267234      1.071       3.20      0.423   0.403661    279    239    437
280     646  5202784630985872391      1.070       3.24      0.424   0.405954    280    195    428
281     675  6529245124602741217      1.070       3.14      0.443   0.419145    281    302    244
282     122  2080253868878324176      1.070       3.23      0.445   0.396812    282    202    219
283     239 18304654272684026217      1.070       3.22      0.407   0.425802    283    220    552
284      51  2468526775943143813      1.070       3.18      0.440   0.426491    284    264    275
285     564 14870118010545403275      1.069       3.02      0.444   0.427772    285    405    231
286     613  2751265854683554772      1.068       3.05      0.464   0.419961    286    377     45
287     674  4936766045308459786      1.068       2.98      0.469   0.421843    287    438     19
288     619  7877435493411691978      1.067       3.20      0.416   0.429755    288    250    486
289     421  5950387873392747826      1.067       3.00      0.464   0.425505    289    428     39
290     480 15968712439549896770      1.067       3.20      0.436   0.410225    290    246    317
291       1 14161001486989760588      1.067       3.20      0.432   0.408931    291    245    346
292     105  4336298447335178696      1.066       3.26      0.438   0.424977    292    174    284
293      43 17232890835670202906      1.066       3.10      0.436   0.422711    293    333    308
294     157 17703441207982851638      1.065       3.17      0.453   0.424840    294    278    139
295     300 14878465646623800407      1.064       3.07      0.457   0.426231    295    363     96
296     587  3260410758362556488      1.063       3.14      0.441   0.420929    296    300    262
297     539 12456643235862475786      1.062       3.19      0.414   0.422505    297    262    495
298     712  5713268479179544721      1.062       3.05      0.434   0.429013    298    381    326
299     626  5420590994017214844      1.062       3.28      0.410   0.431849    299    154    525
300     695  8730370411158964578      1.062       3.25      0.426   0.412476    300    194    410
301      22  5926076389761409934      1.061       3.23      0.440   0.414747    301    205    273
302     436  2401040590099360568      1.060       3.03      0.431   0.425466    302    396    358
303     183  5452174654853808946      1.058       3.07      0.427   0.399596    303    364    404
304     214  8927680972127330078      1.058       3.15      0.453   0.426062    304    287    141
305     776 14831794971818819797      1.058       3.12      0.454   0.412820    305    320    126
306     123 11441976916924284640      1.056       3.19      0.408   0.426653    306    254    540
307     155  4482106480076547361      1.055       3.04      0.447   0.418850    307    386    194
308      65  7352694515232363064      1.054       3.18      0.434   0.425061    308    269    330
309     726 17675832303707727604      1.054       3.03      0.449   0.424286    309    393    178
310     415  5031521178429519789      1.054       3.21      0.451   0.410161    310    236    156
311     101 13308841045154215395      1.053       3.22      0.424   0.424226    311    218    427
312      11 17183871877105666801      1.051       3.23      0.396   0.421994    312    212    611
313     186  7328183945765991518      1.051       3.09      0.429   0.418690    313    351    370
314     416 17180913970882921978      1.051       2.92      0.437   0.420962    314    478    300
315     464 14586084495035451277      1.051       3.12      0.419   0.428361    315    323    461
316     274 18418785631099663775      1.051       3.15      0.433   0.421406    316    292    333
317     716 10463253120673695261      1.051       3.12      0.431   0.416970    317    324    359
318     308 18378382162245915791      1.050       3.03      0.456   0.427149    318    398    108
319     281 12368037144861178713      1.050       3.29      0.421   0.415288    319    144    449
320     414  1846788534960956884      1.050       3.24      0.429   0.431888    320    199    374
321     775 13653240913506516526      1.050       3.09      0.431   0.428514    321    349    360
322     445 16382734682503548658      1.050       3.21      0.447   0.425846    322    235    197
323     233 10468891361048897596      1.049       3.20      0.423   0.397485    323    244    438
324     665   166752522050933892      1.049       3.03      0.448   0.425037    324    391    185
325     389 16016028001340388367      1.048       3.11      0.445   0.425420    325    327    218
326      21  1666714844121237768      1.048       3.14      0.437   0.406768    326    305    298
327     116 11664386099845861159      1.048       3.16      0.451   0.426307    327    284    164
328     751 18250576076480374158      1.048       3.08      0.430   0.428249    328    358    365
329     761  3941504015667899953      1.047       3.16      0.454   0.425620    329    285    122
330     438 16327506298630702233      1.047       3.10      0.438   0.415604    330    338    285
331     557 17828596084889937253      1.047       3.13      0.429   0.429624    331    309    375
332      57 17767764731956844073      1.047       3.19      0.438   0.419923    332    255    289
333      39   329208213306211943      1.046       3.10      0.430   0.393646    333    336    366
334     244 17402954548797702716      1.046       3.14      0.444   0.418887    334    299    227
335      20  6648783437061348536      1.045       3.20      0.428   0.413845    335    243    381
336     236 11519153298535641357      1.044       3.21      0.411   0.416724    336    238    514
337     590  5217034622416120740      1.044       3.05      0.441   0.423614    337    382    257
338     417  6002922634023412293      1.044       3.11      0.422   0.432310    338    332    443
339     210  4241674426350903029      1.044       3.08      0.465   0.424815    339    359     35
340     198  6189312329343224227      1.044       3.20      0.418   0.415516    340    241    469
341     523 14476525700860995976      1.044       3.00      0.447   0.423896    341    427    201
342     150 16605986075171681514      1.044       3.06      0.438   0.426015    342    369    288
343      67 11261167612375464461      1.044       3.09      0.440   0.411762    343    339    270
344      88 13233468016012363934      1.043       3.09      0.433   0.404998    344    341    343
345     653  7316217146636223932      1.041       3.18      0.429   0.424778    345    271    373
346     471  8167622162331937927      1.040       3.06      0.437   0.427433    346    370    304
347     677 14906547368793198571      1.040       3.26      0.389   0.421458    347    176    639
348     196  2157256561249495857      1.040       3.13      0.434   0.427602    348    312    327
349     238  2543969264063716837      1.040       3.00      0.431   0.420605    349    426    355
350     449 11643310775639181507      1.039       3.23      0.422   0.407193    350    206    445
351     295  3749843119342785247      1.039       3.08      0.448   0.425546    351    360    183
352      37 12330056954227718733      1.037       3.03      0.451   0.417768    352    392    159
353     565  3745255837981709705      1.037       3.00      0.440   0.426824    353    430    267
354     795 13696723461381254085      1.037       2.94      0.470   0.422170    354    467     12
355     254 15886750120299046464      1.035       3.08      0.436   0.415802    355    355    313
356     156  7646174053167182904      1.034       2.98      0.428   0.421493    356    435    389
357     513 11171399372666619569      1.034       3.07      0.423   0.429330    357    361    431
358     429 11402311046008533590      1.033       3.18      0.411   0.426034    358    268    510
359      74 16524137892421967850      1.033       3.25      0.411   0.399404    359    190    508
360      60  3051833528260010008      1.032       3.25      0.415   0.387290    360    191    491
361     440 11194974715698840413      1.031       3.01      0.444   0.428116    361    423    222
362     793 15055672409778594410      1.030       3.04      0.458   0.421111    362    388     78
363     694  6880818472563277916      1.030       3.13      0.440   0.423209    363    314    272
364     615  9535208030815745074      1.029       3.02      0.464   0.423897    364    401     38
365     370  5630691022876844304      1.029       3.06      0.448   0.427922    365    368    186
366     355 13825987737720616704      1.029       3.12      0.436   0.428231    366    317    312
367     205   902125696687054148      1.029       3.26      0.429   0.404485    367    179    377
368     639  9649186543146009375      1.028       3.30      0.417   0.399591    368    139    472
369     136  2643365640810695369      1.028       3.04      0.442   0.415231    369    387    247
370     466 10448911655312873147      1.027       3.06      0.437   0.415171    370    371    295
371     479 16007167625615484964      1.026       3.16      0.418   0.422596    371    280    463
372     688 13954535963789187405      1.026       3.08      0.423   0.430164    372    354    436
373     380 11698721305156237182      1.026       3.19      0.409   0.427670    373    259    535
374     781  5642169608858585907      1.025       3.14      0.420   0.425771    374    298    454
375     371   185720955095589134      1.025       3.21      0.421   0.423144    375    233    450
376     145  9025652768925358328      1.025       3.15      0.438   0.426576    376    294    286
377     759  2753219362205052851      1.024       3.47      0.373   0.443790    377     28    689
378     357  3341022854889503921      1.023       3.14      0.407   0.390936    378    296    547
379     306  4306919082952425427      1.023       2.96      0.430   0.424215    379    449    368
380     579 13495382421257454326      1.022       3.06      0.411   0.423595    380    372    513
381     578 11508760805728138772      1.021       3.12      0.438   0.416238    381    326    293
382     501 14856982561207584012      1.021       3.14      0.417   0.406567    382    304    473
383     390 15208094364242385359      1.020       3.05      0.427   0.412048    383    384    394
384      77 16955438889332678352      1.020       2.98      0.438   0.424829    384    439    282
385     130 10903823995394270069      1.018       3.01      0.432   0.423568    385    415    347
386     265  9727351458753418011      1.018       2.92      0.445   0.428459    386    479    217
387     517 16871014015511640795      1.017       2.93      0.426   0.374752    387    471    407
388     385  9763218741557428867      1.016       3.04      0.431   0.420335    388    385    354
389     147  8960729633551773212      1.016       3.09      0.424   0.407272    389    346    425
390     741 12588140063378294204      1.015       2.98      0.446   0.416923    390    441    204
391     648  8561673204128375787      1.015       3.05      0.435   0.410685    391    376    325
392      78  4197354360108088797      1.015       3.11      0.405   0.425066    392    328    561
393     402  4833447179671716719      1.014       3.00      0.433   0.429135    393    431    339
394      25    46459063979441405      1.013       3.18      0.400   0.429882    394    266    582
395      61 11915258333378050952      1.013       2.96      0.446   0.423728    395    453    208
396     117 10907692223483096950      1.013       3.09      0.407   0.416887    396    342    550
397     124 17974593674870156863      1.012       3.01      0.433   0.413999    397    420    337
398     131  8855471325880389449      1.012       3.10      0.447   0.428156    398    337    198
399     558  7828565406807750007      1.011       3.05      0.413   0.415129    399    378    503
400     296 17396689367158082273      1.011       3.14      0.407   0.436168    400    301    548
401     151  5242343936932492164      1.011       3.01      0.410   0.413771    401    425    516
402     554  9135605195341761869      1.008       3.09      0.433   0.428519    402    343    341
403     625 12952734967670709627      1.008       3.05      0.413   0.419359    403    375    500
404     392 13064733877990093673      1.006       3.01      0.428   0.413863    404    417    388
405     314 18235960694024879109      1.006       3.14      0.425   0.415811    405    297    415
406     351 12513174040884233909      1.004       3.09      0.418   0.426528    406    348    467
407     566 15527357826071523199      1.004       3.01      0.425   0.399757    407    418    420
408      96 15349800590381461523      1.002       3.01      0.430   0.429513    408    419    367
409     780 13601108812215295874      1.002       3.03      0.428   0.415439    409    394    385
410     286  6918753220098153322      1.000       3.01      0.442   0.427202    410    424    253
411     644 13721093152211515222      0.999       3.07      0.428   0.414507    411    365    384
412     757  7533945665949254048      0.999       3.07      0.418   0.417610    412    366    466
413     230  1504124426335020128      0.998       3.04      0.423   0.426428    413    389    440
414     664 18289918760812073264      0.996       2.99      0.429   0.425427    414    434    376
415     383  6499987172306447590      0.995       3.04      0.389   0.409037    415    390    641
416     217  8126696705283078055      0.995       3.05      0.417   0.404388    416    383    474
417     538  4199632759614381090      0.994       2.97      0.427   0.426595    417    445    393
418     202  6657314609255573656      0.993       3.05      0.406   0.416347    418    380    554
419      48 16294508284790876628      0.993       3.15      0.410   0.416597    419    293    517
420     527  4784674197399741091      0.992       2.97      0.447   0.416753    420    447    199
421     717  1142426169736972613      0.992       3.03      0.405   0.426184    421    400    560
422     163  8285716540875273768      0.990       2.90      0.431   0.409739    422    489    356
423     724  5187505823651997311      0.990       2.96      0.424   0.425197    423    455    421
424     132 12076898892837474840      0.989       3.02      0.424   0.413312    424    410    426
425     684  7768851203034496035      0.988       3.07      0.433   0.412603    425    362    340
426     271 17371714945230936257      0.985       2.93      0.435   0.398216    426    473    318
427     446 17731216253737145015      0.985       2.95      0.406   0.381242    427    465    555
428     546  2135193958309744286      0.984       2.90      0.394   0.422358    428    488    618
429     575 10497635132056093840      0.984       3.00      0.427   0.430816    429    429    396
430     605  1926247088985652658      0.984       2.96      0.425   0.409478    430    451    412
431     618  7058139110303437402      0.983       2.82      0.443   0.411080    431    544    234
432      97 18369061720777317885      0.982       3.09      0.378   0.427233    432    344    673
433     570 16011679149051188383      0.982       2.97      0.427   0.426911    433    446    400
434     161 14320832516445064591      0.981       3.01      0.400   0.433101    434    416    586
435     180 10819927221092723337      0.981       3.03      0.412   0.425047    435    395    504
436     744 16767423589951350324      0.981       2.88      0.422   0.427267    436    500    444
437     630 17041023033665752673      0.980       3.02      0.423   0.428594    437    408    432
438     313  2238583206127098473      0.978       3.01      0.418   0.428468    438    422    468
439      16  9089173799394744216      0.977       2.88      0.456   0.427004    439    501    106
440     547  3170200108476785605      0.977       2.91      0.405   0.414143    440    486    557
441       2  6029950979097221868      0.976       2.98      0.428   0.422528    441    440    382
442     142 13760744952380554230      0.975       2.95      0.436   0.429801    442    464    309
443     752  2840846034178266932      0.974       2.91      0.440   0.403561    443    483    274
444     634  4298591502635449707      0.974       3.07      0.399   0.410757    444    367    591
445     627 13867583315830744805      0.974       2.96      0.432   0.423395    445    450    344
446     492 14960706633147730258      0.972       2.96      0.402   0.428348    446    457    578
447      12 15854386092367339346      0.972       2.97      0.426   0.427260    447    443    411
448     637 13270266748349343114      0.972       3.12      0.423   0.422492    448    322    433
449     643 14993070696913228201      0.971       3.02      0.424   0.416029    449    407    423
450     291  2290475673156423231      0.971       2.91      0.428   0.429205    450    485    383
451     114  8069370715269633662      0.970       2.86      0.426   0.421641    451    515    406
452     489  6437537154978876489      0.970       3.01      0.417   0.389878    452    414    475
453     540 16489026821595077681      0.969       2.96      0.416   0.426181    453    456    487
454     405  6206058231097677387      0.969       3.08      0.398   0.421648    454    356    592
455     335  1023481099746176891      0.969       3.02      0.401   0.411424    455    404    581
456      84  4859717826742877516      0.968       2.98      0.415   0.405761    456    442    490
457     317 10808061766690861439      0.966       3.01      0.419   0.427205    457    421    460
458     568 11848321128349689428      0.966       2.98      0.441   0.428246    458    437    264
459     790 17840063979956826232      0.966       2.87      0.439   0.418311    459    510    280
460     441  8117607209248345740      0.964       2.89      0.455   0.398594    460    494    116
461     106   182616783403342716      0.964       2.92      0.418   0.414940    461    480    465
462     589  2755939605678772822      0.964       2.89      0.444   0.416830    462    493    226
463     638  7402687443291865713      0.963       2.90      0.416   0.432049    463    490    485
464     651 17648263721281082070      0.962       3.02      0.421   0.409823    464    409    451
465     242  7939082725371007074      0.961       2.86      0.433   0.407634    465    511    342
466     149  1150085605795069707      0.961       2.82      0.445   0.408128    466    541    220
467     211 16071673280151135859      0.960       3.02      0.424   0.416613    467    406    424
468     699  6941884764013069193      0.960       2.86      0.432   0.410994    468    514    349
469     520 11523531393530982001      0.960       2.87      0.435   0.412967    469    506    322
470     350  4454103457229226781      0.959       2.78      0.437   0.433223    470    568    297
471     502 14016487160407100454      0.959       2.94      0.428   0.403722    471    470    390
472     206    95985320769294551      0.958       2.97      0.420   0.404321    472    448    456
473     469 12911231800197301841      0.956       2.83      0.418   0.378454    473    536    464
474     164   470108718841627811      0.955       2.88      0.420   0.431554    474    496    458
475     773  2092366988958991749      0.953       2.98      0.422   0.428683    475    436    446
476     107   752739322602311364      0.951       2.73      0.405   0.389801    476    603    562
477     168 16232207921421362774      0.950       2.87      0.443   0.424230    477    507    236
478     341  7227191273297002235      0.950       2.92      0.410   0.428593    478    477    523
479     388 15950734809779532869      0.950       2.87      0.437   0.428908    479    508    301
480     111 14792990456410953052      0.950       2.99      0.411   0.431002    480    432    515
481     342 17499857015971480235      0.949       2.93      0.416   0.433566    481    475    478
482     375  1303114553420428294      0.948       2.94      0.415   0.428555    482    466    489
483     740  8049238997291177147      0.948       2.75      0.440   0.428300    483    587    268
484     138  1594453451767666917      0.948       2.85      0.411   0.387643    484    525    509
485     219 15907819001995451321      0.948       2.84      0.436   0.409171    485    529    315
486       5  7851661763992945493      0.948       2.88      0.417   0.404050    486    499    471
487     228 10788466493663693156      0.945       2.85      0.425   0.420759    487    524    419
488      40 14642053334763119179      0.945       2.96      0.388   0.423608    488    452    646
489     425  9700141017269143566      0.945       2.80      0.439   0.421254    489    556    279
490     647  3835149948587744457      0.944       2.95      0.413   0.416953    490    461    497
491     448  8960058607387509366      0.943       2.89      0.431   0.432624    491    492    357
492     382 14302172162556147445      0.943       2.87      0.413   0.430678    492    509    502
493     346 13010239872886424495      0.942       2.85      0.424   0.432572    493    526    429
494     777 15629880917764410788      0.941       2.79      0.428   0.429607    494    563    386
495     270 12010886256046533178      0.939       2.94      0.391   0.426767    495    468    632
496     718 17722881365892181367      0.937       3.03      0.420   0.421712    496    399    453
497     181 10590513772884014918      0.937       2.99      0.410   0.421201    497    433    519
498     261 11423010160557342379      0.936       2.91      0.397   0.424290    498    484    599
499      85  7976539648295913851      0.936       2.80      0.441   0.426204    499    555    260
500     543  7742186448588896457      0.935       2.76      0.422   0.374208    500    581    442
501     420 10361529680123186602      0.934       2.85      0.423   0.417203    501    527    435
502     678  2514251978143983325      0.932       2.85      0.403   0.398610    502    522    572
503     303  4633373384697573874      0.931       2.93      0.384   0.428938    503    474    658
504     599 12094093873854167686      0.931       2.88      0.412   0.428168    504    502    505
505     384  2790752769414079494      0.931       2.94      0.390   0.423595    505    469    637
506     189  6414501530786040218      0.931       2.95      0.416   0.396299    506    462    480
507     767  2175971371729958429      0.930       2.79      0.435   0.428870    507    567    321
508     434  3760627458200031833      0.930       2.84      0.427   0.382886    508    533    397
509     199 14373584901767913077      0.930       2.82      0.425   0.429013    509    545    416
510     592  7139613958247196362      0.929       2.92      0.398   0.429151    510    481    595
511      24  1285791014254414266      0.929       2.88      0.415   0.400459    511    504    492
512     267 17706732964614090475      0.929       2.88      0.404   0.420345    512    497    564
513     739 13569845649144036770      0.928       3.10      0.396   0.410136    513    335    605
514     191 12107113151879388773      0.928       2.76      0.430   0.430579    514    577    364
515     725 16985183923169497543      0.927       2.86      0.402   0.422572    515    513    575
516     345  7743472565254340369      0.927       2.73      0.437   0.432495    516    604    294
517     563  3099993406977908975      0.927       2.84      0.416   0.417621    517    531    479
518     530  2315106706479276289      0.925       2.84      0.427   0.426197    518    528    395
519     701  3559542272600638010      0.924       2.76      0.459   0.426512    519    582     74
520     431  4456361283816942571      0.923       2.88      0.420   0.390560    520    503    455
521     235 18044967079467489363      0.923       3.02      0.378   0.425964    521    411    674
522     152 15929983451427999447      0.922       2.80      0.421   0.427111    522    558    448
523     686 13264557400945321804      0.922       2.96      0.423   0.404688    523    458    439
524     422 16701842174053986175      0.918       2.84      0.410   0.401655    524    530    527
525     596  9858310950269904591      0.917       2.93      0.395   0.413452    525    476    612
526     144  8473984463870452061      0.917       2.90      0.427   0.400546    526    487    402
527     522 11673005584480449386      0.917       2.81      0.434   0.419627    527    552    332
528     260  9629620998448138254      0.916       2.78      0.420   0.414932    528    569    457
529     338 16798513512698838986      0.916       2.83      0.410   0.427948    529    539    528
530     755 10898530133147217012      0.916       2.80      0.410   0.398689    530    559    522
531     220 16549788212299670302      0.916       2.86      0.400   0.429109    531    512    585
532     120 13849765511143344206      0.915       2.81      0.407   0.407311    532    549    544
533     240  8818495029644738851      0.914       2.95      0.403   0.390049    533    459    569
534     194  2455541773647685846      0.914       2.85      0.413   0.434567    534    523    498
535     148 16389607734708791255      0.914       2.75      0.437   0.426176    535    591    296
536     264   442660731546360453      0.914       2.77      0.410   0.430384    536    575    518
537     367  7125661688803620705      0.914       2.82      0.432   0.396406    537    547    350
538     788  2656387068431148224      0.913       2.79      0.394   0.411028    538    562    620
539     756   508726977569388011      0.912       2.86      0.408   0.425174    539    517    537
540     500 18088879189176546373      0.912       2.83      0.388   0.435294    540    535    643
541     287   994986372832067846      0.911       3.05      0.393   0.424608    541    374    624
542     241  8473337465561701515      0.910       2.91      0.396   0.411913    542    482    610
543     363  3851158487126609542      0.909       2.84      0.397   0.435980    543    532    602
544     506  4792046421633983006      0.909       2.83      0.416   0.425014    544    538    477
545     609  5387707513758226832      0.909       2.82      0.409   0.408071    545    546    529
546     225 14188305728109360904      0.908       2.86      0.408   0.410590    546    516    538
547     683  2024872461759772720      0.908       3.02      0.398   0.393986    547    403    594
548     418 16569297186569343560      0.906       2.88      0.385   0.414017    548    498    656
549     450 15947153329215762251      0.905       2.87      0.392   0.427590    549    505    631
550     245  7018694377089862936      0.905       2.83      0.399   0.392576    550    537    590
551     324  8302755763671303421      0.903       2.93      0.402   0.392787    551    472    580
552     463  4927414089309372580      0.903       2.81      0.405   0.424504    552    550    559
553     372 13512282461708572654      0.902       2.90      0.416   0.391676    553    491    482
554     789 13378730251142644669      0.901       2.81      0.404   0.405310    554    548    565
555     473  3602812250261070869      0.900       2.95      0.388   0.403308    555    463    647
556     100  5095071036978011624      0.898       2.85      0.409   0.428386    556    521    532
557     556 10373058565714294550      0.895       2.95      0.414   0.390504    557    460    493
558     197  9669887965064015058      0.895       2.74      0.407   0.431880    558    594    545
559     766 16861227721867454948      0.894       2.75      0.413   0.401337    559    584    499
560     336 11238731194028984880      0.894       2.75      0.410   0.392983    560    590    524
561     170  1291499090037908716      0.894       2.74      0.428   0.429489    561    597    387
562     798  9658106838814927662      0.892       2.86      0.396   0.425951    562    518    607
563     488 16155374517007311661      0.892       2.74      0.409   0.410093    563    592    534
564     490  6106937979961009098      0.891       2.80      0.400   0.431880    564    557    583
565     278 16460665835158294463      0.890       2.71      0.410   0.426878    565    607    521
566     298  2107433287863274158      0.890       2.71      0.432   0.417028    566    608    352
567     628  8630542718720220731      0.888       2.67      0.414   0.426597    567    622    494
568     192 16105407709653327262      0.886       2.81      0.406   0.424210    568    554    553
569     485  4855896198131430846      0.885       2.78      0.422   0.400605    569    572    447
570     443  3716849086812827326      0.879       2.68      0.433   0.420822    570    620    336
571     209 17273716095925172492      0.878       2.53      0.427   0.384876    571    655    392
572     735 13668695518941449557      0.878       2.85      0.391   0.411275    572    520    634
573     642  1829914849309832691      0.878       2.67      0.407   0.429011    573    623    551
574     276  6722263477670844183      0.877       2.68      0.416   0.382689    574    621    481
575      26  6581815003822107391      0.876       2.63      0.408   0.415827    575    629    539
576     787  8160227426357323312      0.875       2.76      0.383   0.411312    576    578    662
577     516  4116888903259105637      0.875       2.79      0.403   0.414372    577    566    574
578     467 14666414596809459891      0.875       2.79      0.410   0.407905    578    561    520
579     251  1912736020518664491      0.872       2.76      0.392   0.412196    579    579    629
580      58 11937860716788936190      0.870       2.76      0.411   0.397675    580    580    511
581     519 10472325089375337830      0.870       2.82      0.388   0.427484    581    543    645
582     623  6967279194303942177      0.869       2.71      0.394   0.416724    582    609    619
583     182  7521625292769094488      0.868       2.66      0.418   0.412935    583    625    470
584     258 15774825149971314864      0.868       2.77      0.396   0.427155    584    576    606
585     534 12054353799889697034      0.868       2.69      0.393   0.426384    585    616    627
586     352 16355648167012265207      0.868       2.70      0.402   0.425317    586    612    577
587     393  1034470694290294160      0.867       2.77      0.399   0.412602    587    574    588
588     594 17979447955111414668      0.866       2.78      0.403   0.427066    588    570    570
589     428 17465231729777426466      0.866       2.82      0.423   0.434819    589    542    430
590     304  8437987461820599503      0.865       2.72      0.403   0.418656    590    606    567
591      28 13742762043756604541      0.865       2.78      0.416   0.412238    591    571    483
592      56  6322696334779165441      0.865       2.74      0.393   0.428623    592    596    626
593     612 15482898165984092313      0.865       2.79      0.337   0.375935    593    565    736
594     614  9687512567876331238      0.865       2.75      0.400   0.397212    594    589    584
595     160  5732787310373729819      0.864       2.70      0.398   0.421419    595    611    593
596     456 18321335380848874272      0.860       2.75      0.429   0.427710    596    586    379
597     246 12189248641553208560      0.860       2.74      0.412   0.408904    597    598    506
598      36  7841891534304274999      0.859       2.68      0.383   0.418707    598    619    663
599     121 11386749920961484768      0.858       2.66      0.408   0.400609    599    624    536
600     349 16478396785289300648      0.858       2.88      0.403   0.403913    600    495    568
601     571 12703555106175267727      0.857       2.73      0.397   0.408170    601    602    600
602     203 16539714912793841124      0.856       2.79      0.407   0.400337    602    560    549
603      33 18318069799883124238      0.856       2.77      0.404   0.405335    603    573    563
604     697 15252428091372868358      0.856       2.72      0.394   0.408889    604    605    621
605     184 13134492838662128435      0.855       3.02      0.365   0.415071    605    412    706
606     200 13583132757779288783      0.851       2.75      0.393   0.411674    606    585    625
607     616  1441189010905014164      0.850       2.81      0.368   0.434054    607    553    699
608     173 10564424341959025887      0.850       2.83      0.387   0.424301    608    534    650
609     782 13570888325567344061      0.848       2.70      0.406   0.431708    609    614    556
610     259  4957927887234473869      0.846       2.63      0.402   0.388920    610    631    576
611     112  7558926144216424893      0.845       2.71      0.395   0.422478    611    610    613
612     423 12870276334936927531      0.844       2.60      0.411   0.377550    612    638    512
613     430  7366608914014941306      0.843       2.48      0.451   0.425943    613    669    160
614     275  2513117902923309565      0.839       2.59      0.391   0.419795    614    641    635
615     427    40603584865862957      0.838       2.74      0.408   0.390622    615    593    542
616     601 13312930406194931261      0.834       2.75      0.392   0.403666    616    583    628
617     309 11334061490411965983      0.834       2.73      0.387   0.404208    617    599    649
618      59  3053078498536169646      0.832       2.79      0.388   0.433632    618    564    644
619      73 12308346152530022127      0.828       2.58      0.397   0.400092    619    647    603
620     580  3081233069045950778      0.828       2.73      0.377   0.414756    620    601    679
621     680 15985607372927318921      0.826       2.61      0.386   0.432270    621    635    651
622     586 10728941009968557668      0.822       2.97      0.418   0.439872    622    444    462
623     659  3006993139530988239      0.821       2.57      0.409   0.430938    623    648    531
624     649  3041784998574398522      0.821       2.62      0.410   0.426802    624    632    526
625     334 11102992484049775422      0.816       2.62      0.403   0.378674    625    633    571
626     465  6629900988025847527      0.815       2.70      0.392   0.411651    626    615    630
627     439 12563125417064129612      0.815       2.69      0.370   0.433083    627    617    695
628     733  6905601615689922174      0.814       2.68      0.373   0.419578    628    618    688
629      27  5775642857937836062      0.812       2.46      0.425   0.431491    629    673    418
630     442 17558855104426030487      0.812       2.64      0.393   0.413664    630    628    623
631     573  5170120031488036940      0.811       2.61      0.391   0.391164    631    636    636
632      38  5534473749044489660      0.811       2.51      0.397   0.432169    632    660    597
633     778 13443655695388338029      0.810       2.44      0.436   0.417039    633    676    310
634     606   130242683499749238      0.809       2.54      0.404   0.396573    634    654    566
635     224 16555438639833158680      0.806       2.49      0.403   0.432418    635    664    573
636     474  2881483659907047460      0.805       2.65      0.380   0.411249    636    626    668
637      95  3179817266585202073      0.805       2.65      0.382   0.425719    637    627    665
638     396 15701892128542760823      0.804       2.55      0.416   0.432735    638    649    488
639      10 18194112789760262022      0.802       2.54      0.408   0.403340    639    652    541
640     481  8855962463646756405      0.801       2.58      0.399   0.381826    640    646    589
641     620 10443435260549132942      0.798       2.55      0.395   0.436389    641    650    615
642     333 13878916280738454865      0.796       2.33      0.423   0.363370    642    702    434
643     679  6109517787553791943      0.796       2.70      0.375   0.427749    643    613    684
644     584  4850828396547483974      0.793       2.48      0.416   0.378266    644    671    484
645     290 15977653987584045061      0.783       2.61      0.402   0.426393    645    634    579
646     745  6127677551848129792      0.781       2.43      0.409   0.379476    646    678    533
647     169 15515121244417335705      0.775       2.55      0.395   0.393012    647    651    614
648     453  1487714224002996563      0.774       2.41      0.427   0.423703    648    680    401
649      76  2843823541233538331      0.774       2.45      0.396   0.386719    649    674    608
650     437  3140685901390733503      0.769       2.54      0.376   0.407911    650    653    681
651     511 14787825128026669387      0.766       2.43      0.408   0.381087    651    677    543
652     768 11330830841594695963      0.765       2.52      0.380   0.428618    652    659    669
653     797 13892081868060926352      0.764       2.48      0.375   0.428891    653    670    685
654     377 14438656339149682569      0.763       2.33      0.396   0.409602    654    700    609
655     535  2685137413602816076      0.762       2.96      0.328   0.429818    655    454    747
656     784 17199365568889162672      0.762       2.49      0.393   0.399173    656    666    622
657     404 12017802525687268740      0.762       2.60      0.384   0.396293    657    639    661
658     652 12733178680179848645      0.762       2.60      0.417   0.388425    658    640    476
659     608 18430847528903004078      0.760       2.82      0.324   0.419447    659    540    749
660     247  9376864656323251048      0.759       2.52      0.372   0.424399    660    657    691
661     410   340996404357143372      0.757       2.61      0.375   0.433888    661    637    686
662     681 14856465442160898346      0.757       2.81      0.371   0.435362    662    551    692
663     243  9748118178175392011      0.756       2.36      0.395   0.370442    663    695    616
664       6  8012867602636177041      0.755       2.41      0.397   0.413386    664    682    598
665     504  3515723936523672994      0.754       2.38      0.414   0.429333    665    689    496
666     435 17337417351186639071      0.753       2.46      0.349   0.397725    666    672    728
667     654 11517175285988241650      0.751       2.52      0.394   0.392081    667    658    617
668     690 11744823555175730483      0.746       2.59      0.380   0.405829    668    645    667
669     322 15686332683446524265      0.745       2.48      0.387   0.396813    669    667    648
670     655  3196337500063102875      0.740       2.74      0.329   0.483954    670    595    746
671     134 13589432367138159914      0.736       2.39      0.364   0.413901    671    686    708
672     319  3433178466036288890      0.732       2.51      0.356   0.440330    672    661    718
673     661  3184611227363760427      0.732       2.26      0.386   0.386021    673    709    653
674     395  8747333070596482311      0.731       2.51      0.382   0.426840    674    662    664
675     624 11140728730111381228      0.730       2.33      0.409   0.429270    675    701    530
676     381  4901735965086084294      0.730       2.28      0.398   0.383303    676    705    596
677     294 14313914111651152210      0.728       2.49      0.384   0.397121    677    665    657
678       0 17568005519286013800      0.725       2.52      0.384   0.416893    678    656    659
679     391  3253350993962209784      0.724       2.41      0.389   0.422242    679    683    642
680     707  6059092154398586084      0.719       2.40      0.377   0.426100    680    684    675
681     218 17499917311871227541      0.711       2.36      0.376   0.440322    681    694    682
682     207  1593313270483997049      0.708       2.38      0.386   0.399074    682    688    652
683     359 13027179507162327729      0.706       2.48      0.349   0.396010    683    668    729
684     525  2087325332152415505      0.704       2.59      0.377   0.402127    684    643    680
685     486  4039873638047662966      0.699       2.15      0.384   0.379795    685    721    660
686     159 14000972208956257782      0.697       2.19      0.411   0.409395    686    716    507
687     172 12868265449019296226      0.688       2.59      0.359   0.419948    687    642    713
688     693 17493007619606900842      0.687       2.20      0.400   0.364531    688    714    587
689     320 12927060136152873738      0.686       2.31      0.379   0.431842    689    703    671
690     229  2316597687843380248      0.685       2.26      0.377   0.419874    690    707    676
691     572  3615089448366308959      0.685       2.35      0.377   0.420189    691    696    678
692      99 15538890594687380863      0.682       2.44      0.374   0.406436    692    675    687
693     585    91799173138284790      0.679       2.25      0.370   0.420088    693    711    694
694     691 10814104499589766187      0.676       2.19      0.389   0.437643    694    717    640
695     237 13092521815807178831      0.670       2.34      0.361   0.429373    695    698    712
696      94  7544318866884135569      0.666       2.73      0.334   0.426599    696    600    741
697     366 16931576099292101993      0.655       2.25      0.381   0.396024    697    712    666
698     562 13787977354184052771      0.654       2.19      0.367   0.403216    698    718    703
699     705  7013343041358570553      0.645       2.38      0.369   0.437058    699    690    697
700     505 14065339545279625818      0.639       2.18      0.390   0.412868    700    719    638
701     544 17589510106752696609      0.639       2.13      0.368   0.418173    701    723    700
702     569 10551602371427112688      0.628       1.89      0.413   0.363917    702    750    501
703     484  8858314864903383953      0.624       2.14      0.367   0.435134    703    722    702
704     344 12949305259410452560      0.618       2.34      0.362   0.414808    704    699    711
705     728  2903176464348225508      0.617       2.42      0.344   0.442100    705    679    734
706     176   168508057548871666      0.615       2.26      0.353   0.416671    706    708    723
707     387  8975903887685520169      0.615       2.63      0.276   0.493438    707    630    768
708      13 13028815461253925884      0.614       2.38      0.329   0.450720    708    691    745
709     750   683593215192993679      0.613       2.04      0.380   0.436131    709    733    670
710     452 13722187379422933608      0.605       2.38      0.324   0.455543    710    687    750
711     310 15962757702694707033      0.604       2.08      0.359   0.420700    711    729    714
712     167 11097487515157245521      0.599       2.04      0.377   0.416508    712    732    677
713     747  8093221024079523571      0.594       2.06      0.386   0.386052    713    730    654
714     177  3728927102710849678      0.592       2.26      0.375   0.404356    714    710    683
715     125  9358171881360946917      0.591       2.29      0.335   0.411105    715    704    740
716      14 15058662412242877013      0.589       2.10      0.373   0.403149    716    728    690
717     515  2942448965872931462      0.588       1.91      0.336   0.421483    717    748    738
718     433 13146732751364263888      0.587       2.27      0.332   0.518853    718    706    743
719     514  5333318991442446544      0.586       2.00      0.365   0.436582    719    736    707
720     302 18170418584135918611      0.585       2.12      0.354   0.426595    720    726    721
721     685 14681615227781716883      0.576       2.20      0.359   0.416756    721    715    717
722     786 11669072978085326262      0.574       2.41      0.323   0.437357    722    681    752
723     689  1055105730503008720      0.572       1.99      0.366   0.413264    723    737    704
724     409 11091683010570655415      0.568       1.96      0.352   0.440457    724    741    725
725     331 12709428678519820794      0.566       2.12      0.364   0.410077    725    724    709
726     394  4814752485039879742      0.566       2.04      0.365   0.404497    726    731    705
727     232  4442472302162990022      0.557       1.91      0.378   0.381228    727    746    672
728     632 13770366053999614298      0.552       1.92      0.363   0.439365    728    745    710
729     263 17694572072862362144      0.548       1.91      0.353   0.430148    729    747    724
730     115 14818363708898809892      0.547       1.94      0.356   0.434226    730    744    720
731     266 17350661073630350757      0.544       1.80      0.367   0.404291    731    756    701
732     477  7536585851162077942      0.537       1.96      0.354   0.428148    732    743    722
733     213  3735287202023902561      0.534       2.85      0.227   0.522594    733    519    774
734     734  6578846661297977173      0.534       2.40      0.314   0.436373    734    685    757
735     760 11123557885654010309      0.530       1.90      0.347   0.424519    735    749    733
736     494  4226261343175000519      0.526       1.79      0.371   0.400703    736    758    693
737     231  6436897117022768934      0.510       2.15      0.342   0.444984    737    720    735
738     227  5478729935797455809      0.507       1.69      0.385   0.385769    738    762    655
739     749  3612822333649993395      0.505       1.65      0.391   0.376892    739    765    633
740     364  3799821911787280639      0.504       2.04      0.307   0.407856    740    734    758
741     483  6816120950265246365      0.501       2.37      0.251   0.481043    741    693    770
742     457  3637381863664068762      0.499       2.37      0.267   0.479856    742    692    769
743     508 11152384707842633589      0.495       2.50      0.237   0.499328    743    663    772
744      54   117332688443665050      0.495       1.82      0.359   0.423530    744    754    715
745     321  6650320388846534471      0.492       1.98      0.348   0.420403    745    738    731
746      46  8819088268538794579      0.485       1.87      0.336   0.425375    746    751    737
747     426  9575079974366745983      0.482       2.59      0.225   0.501145    747    644    777
748      66  7923615642952227895      0.482       2.12      0.279   0.463468    748    725    765
749     399 13040438158848806053      0.476       1.79      0.336   0.424625    749    757    739
750     171 12766001914402762824      0.474       2.35      0.325   0.412256    750    697    748
751     487 13169761570397379402      0.459       1.81      0.349   0.466810    751    755    730
752     343  3809595899664814066      0.454       2.75      0.191   0.594565    752    588    782
753     113  4230820412500114959      0.449       1.83      0.317   0.400791    753    753    753
754      52  6050461937540733807      0.448       1.77      0.350   0.416231    754    760    727
755     316  2045208800596436464      0.444       1.78      0.334   0.458910    755    759    742
756     376   251259944010150415      0.442       1.98      0.277   0.474342    756    739    767
757     252  4649432395208036466      0.440       1.69      0.348   0.429950    757    763    732
758     208 17139617253954449277      0.419       1.75      0.317   0.442266    758    761    754
759     799  1468347256711339872      0.416       1.96      0.305   0.452315    759    742    759
760     386 13819810541996932097      0.404       1.86      0.278   0.468645    760    752    766
761     249 15439090924225505963      0.399       1.63      0.299   0.491634    761    766    760
762     318   195788006902685462      0.376       1.33      0.370   0.389403    762    778    696
763      32  7470341982011407245      0.371       1.48      0.332   0.431889    763    772    744
764     226 17166279874614736005      0.365       2.11      0.226   0.540111    764    727    775
765     706 11242575973632002280      0.363       1.66      0.294   0.461851    765    764    761
766     704   252316394115499867      0.361       1.43      0.316   0.462399    766    776    755
767     283  3956660021467684436      0.350       1.98      0.229   0.454943    767    740    773
768     185 13217751650991926906      0.331       1.43      0.359   0.387757    768    775    716
769      53  7805386255285820938      0.331       1.40      0.279   0.489834    769    777    764
770     135  1402167769656062409      0.328       2.01      0.199   0.575329    770    735    781
771     588  8994507355723126344      0.323       1.51      0.283   0.444593    771    770    763
772     771  8169795355846548396      0.323       1.27      0.315   0.472957    772    780    756
773     597 14281302888208516522      0.320       1.17      0.369   0.389987    773    783    698
774     408  3797041485664661291      0.291       1.14      0.324   0.440590    774    786    751
775     583   848003557575214973      0.287       1.47      0.249   0.575932    775    773    771
776     340 10059300210213685722      0.263       1.04      0.350   0.400959    776    791    726
777     710 10654561239794450141      0.259       1.50      0.226   0.505192    777    771    776
778     603  9701410924382890467      0.250       1.08      0.287   0.482198    778    790    762
779     662 17908318806972983187      0.247       0.95      0.356   0.411602    779    796    719
780     495  4731247987008277517      0.220       1.51      0.173   0.566872    780    769    783
781     475  2506805256647737148      0.198       1.16      0.206   0.573975    781    785    779
782     174 15646264522418620364      0.195       1.52      0.158   0.978725    782    768    786
783     645 11298764315964360949      0.193       2.22      0.092   0.978980    783    713    795
784     257 13819216941667338957      0.179       1.30      0.202   0.658439    784    779    780
785     212 13001334887217455578      0.176       1.46      0.138   0.824501    785    774    789
786     497 18137105402097725713      0.165       0.95      0.215   0.541629    786    794    778
787     696 15075519048733393169      0.165       1.16      0.168   0.554413    787    784    784
788     284  5710106966350689618      0.145       0.95      0.157   0.706792    788    795    787
789     325 15658145604393104054      0.131       0.99      0.158   0.551792    789    792    785
790     602 13204630989973744241      0.130       0.97      0.155   0.664584    790    793    788
791     687   557884434496144956      0.113       1.11      0.136   0.668881    791    788    790
792     629 16061662657684038889      0.111       1.12      0.124   0.633497    792    787    792
793     379 11225099601985138020      0.107       1.57      0.077   0.740699    793    767    796
794     552 14474017133760541748      0.103       0.94      0.127   0.648717    794    797    791
795     666 15819987999899501331      0.103       1.11      0.104   0.677687    795    789    794
796     269 14491720076057361279      0.080       1.25      0.070   0.781514    796    781    797
797     458  2483579172025799429      0.070       1.22      0.065   1.098412    797    782    798
798     460  7597320226734533446      0.041       0.49      0.116   0.605135    798    799    793
799     175 17968698495398783821      0.023       0.65      0.049   6.109270    799    798    799
800     234  6014663367315786843      0.002       0.03      0.018   1.827601    800    800    800

--- Top 10 by mean VPT*duty ---
rank    idx             esn_seed     VxD_mn     VPT_mn    duty_mn
1       715   696634088797950509     1.3640     3.6796     0.4540
2       188  5330595307729750981     1.3341     3.6092     0.4579
3       248 14976414781522632523     1.3312     3.6177     0.4747
4       541   758712030103328587     1.3060     3.5648     0.4600
5       470   900085639507806285     1.3049     3.5170     0.4594
6       709  6963774647319908809     1.3024     3.5688     0.4687
7       698  5125114749958504320     1.2992     3.5534     0.4569
8       753 10660019614269331060     1.2972     3.4849     0.4769
9       770 13871537636959942979     1.2916     3.5661     0.4621
10      411  9553339612768368985     1.2803     3.6416     0.4562

--- Top 10 by mean VPT ---
rank    idx             esn_seed     VxD_mn     VPT_mn    duty_mn
1        17 13769974450290969021     1.2689     3.7468     0.4307
2       715   696634088797950509     1.3640     3.6796     0.4540
3       411  9553339612768368985     1.2803     3.6416     0.4562
4       248 14976414781522632523     1.3312     3.6177     0.4747
5       188  5330595307729750981     1.3341     3.6092     0.4579
6       297  1508652764589495505     1.2693     3.5690     0.4522
7       709  6963774647319908809     1.3024     3.5688     0.4687
8       770 13871537636959942979     1.2916     3.5661     0.4621
9       541   758712030103328587     1.3060     3.5648     0.4600
10      407 12812551406092992334     1.2266     3.5574     0.4432

--- Top 10 by mean duty ---
rank    idx             esn_seed     VxD_mn     VPT_mn    duty_mn
1       663 12867917538253474736     1.2415     3.3808     0.4820
2       753 10660019614269331060     1.2972     3.4849     0.4769
3       622  4723812418940669644     1.2042     3.3254     0.4769
4       496  9759927329523687160     1.2198     3.4224     0.4761
5       478 16234739662377920526     1.2478     3.4329     0.4753
6       248 14976414781522632523     1.3312     3.6177     0.4747
7       743 12609283919093229310     1.1184     3.2654     0.4723
8        70  4744693069029537810     1.1862     3.3556     0.4720
9        79 13855727669952034446     1.2357     3.4272     0.4712
10      312 10945602548729668910     1.2226     3.4406     0.4712

Cherry-pick: use esn_seed from the tables above with Train / OrbitSweep / FreeRun (same dim/M/dynamics). Weights were not saved here.
