
========================================================================
=== SeedSweep final report (top-10% freerun means) ===
========================================================================
DIM=10  M=2  num_seeds=800  threads=16  epochs=100  freerun_runs=1000
base_esn_seed=1002999015000000000  base_orbit_seed=9333312947715283458
ok=800 / 800

--- All seeds (sorted by mean VPT*duty) ---
note: VxD_mn is mean of top-10% (VPT*duty) products, not VPT_mn*duty_mn (top-10% pools are independent per metric).
rank    idx             esn_seed     VxD_mn     VPT_mn    duty_mn    RMSE_mn  r_VxD  r_VPT r_duty
1       656  7934791766227647176      1.393       3.85      0.457   0.425767      1      1     91
2       591  8982357012682103037      1.360       3.77      0.454   0.423835      2      2    125
3       301  3079493423467196890      1.301       3.54      0.467   0.422162      3     15     24
4       166  7446619053544319530      1.297       3.59      0.464   0.422631      4      5     42
5        62  7177932529503219229      1.288       3.59      0.462   0.420768      5      6     53
6       288  6461037296157168862      1.285       3.54      0.472   0.421672      6     13      9
7       635 13435823681926491900      1.276       3.46      0.453   0.421649      7     37    133
8       610 10201570615112633806      1.275       3.50      0.457   0.418711      8     22     92
9       401 18405365351339599371      1.273       3.53      0.470   0.420201      9     17     13
10      794  4950050133777070656      1.268       3.64      0.441   0.427613     10      3    247
11      314 18235960694024879109      1.264       3.47      0.475   0.421063     11     26      5
12      714 13782715406986460949      1.263       3.54      0.447   0.424229     12     14    184
13      254 15886750120299046464      1.254       3.31      0.480   0.412927     13    122      1
14       86  1826540127586587226      1.252       3.46      0.468   0.423696     14     34     19
15      521  8585937902693122814      1.249       3.55      0.463   0.416406     15     10     50
16       63  1696850237745360670      1.248       3.61      0.443   0.426221     16      4    231
17      692   938258227231889449      1.245       3.46      0.476   0.422671     17     33      4
18      213  3735287202023902561      1.242       3.52      0.461   0.423402     18     19     58
19      524 10402359954153541494      1.240       3.55      0.446   0.422933     19      9    205
20       74 16524137892421967850      1.240       3.46      0.459   0.419161     20     30     78
21      503 10253254895481126005      1.236       3.56      0.442   0.415868     21      7    240
22      528  1844112079097078281      1.235       3.39      0.461   0.423196     22     68     59
23       92  4112530987988204306      1.234       3.38      0.462   0.423651     23     69     56
24      496  9759927329523687160      1.232       3.55      0.452   0.422377     24     12    150
25      479 16007167625615484964      1.232       3.44      0.449   0.418351     25     42    171
26      413 13431275153296210878      1.232       3.43      0.455   0.414786     26     44    116
27      137 13772357656572001816      1.230       3.53      0.438   0.417203     27     16    287
28       61 11915258333378050952      1.227       3.43      0.460   0.424514     28     46     65
29      541   758712030103328587      1.226       3.56      0.459   0.422326     29      8     79
30      412  6755803033490384922      1.225       3.45      0.467   0.420391     30     38     28
31      710 10654561239794450141      1.225       3.50      0.442   0.423698     31     21    245
32      308 18378382162245915791      1.225       3.46      0.465   0.423391     32     32     39
33      708 14884963152919897189      1.224       3.37      0.467   0.422430     33     82     30
34      746  3087680617109673986      1.222       3.55      0.434   0.426399     34     11    324
35      188  5330595307729750981      1.220       3.35      0.452   0.425220     35     96    147
36      447  8843851856875942054      1.220       3.33      0.466   0.420573     36    107     36
37      364  3799821911787280639      1.220       3.53      0.442   0.412049     37     18    239
38      469 12911231800197301841      1.219       3.42      0.455   0.425045     38     51    121
39      397  2096962672418366145      1.216       3.35      0.470   0.423338     39     92     14
40      762  3520645435959983227      1.216       3.39      0.436   0.420382     40     62    300
41      360 13233193657990621209      1.215       3.46      0.456   0.427170     41     36    104
42      212 13001334887217455578      1.214       3.44      0.468   0.420322     42     41     22
43      265  9727351458753418011      1.213       3.38      0.437   0.425159     43     70    295
44      216 13238109286791164793      1.212       3.39      0.451   0.425372     44     64    158
45      672 13562744323174204122      1.212       3.47      0.439   0.424179     45     24    275
46      638  7402687443291865713      1.210       3.33      0.459   0.423949     46    105     72
47      696 15075519048733393169      1.208       3.28      0.476   0.420683     47    146      3
48      550  2056973521126668886      1.207       3.28      0.474   0.422811     48    145      7
49      536  5840511457122003325      1.207       3.50      0.442   0.426133     49     20    244
50      719  4944595549670057741      1.203       3.29      0.473   0.419009     50    137      8
51      631 10826093419149409754      1.202       3.37      0.446   0.424908     51     78    208
52       87  1301153329266374101      1.199       3.40      0.458   0.423835     52     60     83
53      535  2685137413602816076      1.199       3.46      0.444   0.428675     53     28    227
54      201 17606392660029804566      1.199       3.48      0.452   0.412832     54     23    145
55      491  8956202093370491945      1.198       3.40      0.459   0.422234     55     57     81
56      574  8042841377871681452      1.195       3.35      0.460   0.425746     56     97     67
57      141 10170285745480955527      1.194       3.42      0.441   0.425644     57     50    252
58      444 17738612181955290250      1.194       3.30      0.455   0.424696     58    129    114
59      792 17290233802289316557      1.193       3.30      0.475   0.422953     59    127      6
60       94  7544318866884135569      1.193       3.37      0.459   0.422521     60     76     82
61      471  8167622162331937927      1.193       3.44      0.454   0.425238     61     40    129
62      651 17648263721281082070      1.193       3.28      0.447   0.425906     62    150    190
63      578 11508760805728138772      1.192       3.41      0.450   0.422965     63     55    162
64      102  1814698889505195029      1.192       3.47      0.435   0.412960     64     27    315
65      178   613590340683033233      1.190       3.46      0.437   0.413685     65     29    289
66      385  9763218741557428867      1.189       3.40      0.446   0.425424     66     59    209
67      774  2234612559048934080      1.189       3.21      0.467   0.421061     67    229     25
68      214  8927680972127330078      1.187       3.28      0.456   0.424648     68    142     99
69      328 14109289180622874763      1.187       3.36      0.450   0.424546     69     89    164
70      226 17166279874614736005      1.186       3.34      0.453   0.426564     70    104    135
71      378 16494960894308859594      1.185       3.27      0.458   0.422542     71    158     88
72      770 13871537636959942979      1.183       3.28      0.455   0.422602     72    149    115
73      576 15517478937733963612      1.182       3.37      0.456   0.426088     73     81    106
74      108 16216778157713721617      1.181       3.31      0.451   0.424956     74    114    156
75      304  8437987461820599503      1.180       3.22      0.455   0.425556     75    210    118
76      253  9795616806846393638      1.180       3.39      0.427   0.419644     76     63    376
77       17 13769974450290969021      1.180       3.35      0.457   0.421597     77     91     90
78      748  9516422334363827380      1.178       3.34      0.461   0.420402     78    100     61
79       35 11785351815653675194      1.176       3.36      0.458   0.426658     79     90     84
80      726 17675832303707727604      1.175       3.28      0.447   0.418560     80    153    188
81      361 17374128420503625720      1.175       3.40      0.466   0.423953     81     61     34
82      621  5991612728625767525      1.174       3.37      0.465   0.425380     82     80     38
83      715   696634088797950509      1.174       3.43      0.419   0.427175     83     43    452
84       55   434143159729980091      1.174       3.44      0.421   0.430496     84     39    433
85      127 12338926389363267165      1.174       3.42      0.448   0.417092     85     53    175
86       93  5317305358098383147      1.172       3.35      0.462   0.420388     86     94     54
87      311  6215607291422449651      1.172       3.32      0.453   0.406898     87    110    142
88      198  6189312329343224227      1.170       3.34      0.437   0.420447     88    103    297
89      193  1934213336504735520      1.170       3.37      0.468   0.421008     89     77     23
90      129  2732938694566299947      1.170       3.39      0.439   0.417956     90     65    278
91      758  8371595388205647642      1.169       3.43      0.447   0.425488     91     47    191
92       19  5794408322784501650      1.168       3.43      0.441   0.425116     92     48    248
93      525  2087325332152415505      1.168       3.46      0.416   0.419232     93     35    476
94      426  9575079974366745983      1.168       3.32      0.463   0.423868     94    113     52
95      617 16334572903455184609      1.168       3.26      0.477   0.420756     95    170      2
96      179  7886480911456533748      1.168       3.30      0.459   0.423442     96    131     77
97      736  4607093582404268894      1.166       3.35      0.442   0.427089     97     95    241
98      293 12972407724341297256      1.166       3.23      0.456   0.423616     98    202    100
99      722 16230652217437670336      1.165       3.34      0.446   0.424698     99     99    206
100      89 15277244316785691522      1.164       3.42      0.456   0.414304    100     52     98
101     657 15806710405114863993      1.163       3.24      0.468   0.417602    101    190     18
102     109  2992651900257042312      1.161       3.37      0.455   0.424781    102     79    120
103     164   470108718841627811      1.161       3.28      0.440   0.417008    103    143    262
104     582 12455552568941260104      1.161       3.28      0.462   0.425451    104    148     55
105     419  8371646521006583681      1.160       3.37      0.443   0.426205    105     84    230
106     753 10660019614269331060      1.160       3.28      0.459   0.422075    106    147     75
107     165 17678071345621015662      1.160       3.21      0.469   0.420028    107    215     15
108     139  4339718421267049102      1.160       3.29      0.466   0.423713    108    138     32
109     581   289550932053935094      1.159       3.26      0.455   0.421571    109    167    117
110     239 18304654272684026217      1.159       3.34      0.436   0.418077    110    101    303
111     215  9419813872687931456      1.159       3.38      0.457   0.425133    111     73     93
112     626  5420590994017214844      1.159       3.36      0.445   0.427759    112     87    214
113     668 14604825411508779318      1.158       3.11      0.468   0.416479    113    343     21
114       3 17306671139263608454      1.157       3.25      0.459   0.415407    114    182     70
115     531 17180349175808754359      1.157       3.39      0.459   0.419722    115     67     74
116     533 11568142620312333309      1.157       3.46      0.438   0.426012    116     31    280
117     682 16238888985198430711      1.156       3.26      0.436   0.423448    117    180    309
118      15 13525792340985291652      1.156       3.35      0.446   0.407679    118     93    193
119     751 18250576076480374158      1.154       3.33      0.445   0.408719    119    106    215
120     515  2942448965872931462      1.153       3.28      0.463   0.428383    120    144     51
121     451 11108150664209214610      1.153       3.40      0.434   0.417283    121     56    319
122      45 15090815952120869743      1.152       3.30      0.466   0.425300    122    124     35
123     577  7861893771847890690      1.150       3.31      0.448   0.410719    123    123    178
124      41  9900506342981259096      1.150       3.30      0.463   0.420192    124    128     49
125     732  8996600883823119658      1.148       3.25      0.453   0.425450    125    184    139
126     343  3809595899664814066      1.147       3.37      0.448   0.422625    126     83    176
127     433 13146732751364263888      1.147       3.28      0.449   0.424708    127    141    172
128     466 10448911655312873147      1.145       3.36      0.445   0.415930    128     88    211
129     738  8543090304789037507      1.145       3.20      0.468   0.423238    129    239     20
130     143 18445856719646111938      1.145       3.38      0.427   0.414294    130     74    382
131     721  1913043352964877144      1.145       3.17      0.467   0.425107    131    279     26
132     711  3220470616941525546      1.145       3.36      0.434   0.424755    132     85    322
133     282 16774336351598620865      1.144       3.31      0.451   0.423199    133    120    157
134     380 11698721305156237182      1.144       3.26      0.437   0.417129    134    173    291
135      83  4220362218700801006      1.144       3.27      0.447   0.424445    135    157    185
136     295  3749843119342785247      1.143       3.26      0.446   0.426896    136    179    196
137     615  9535208030815745074      1.142       3.27      0.455   0.413711    137    156    119
138     330 18212246886615535667      1.141       3.25      0.453   0.413407    138    183    134
139     744 16767423589951350324      1.139       3.33      0.435   0.413138    139    108    312
140     729 13129376564932461054      1.138       3.36      0.441   0.421690    140     86    249
141      81 12805779382161377842      1.138       3.39      0.434   0.401454    141     66    316
142     190 14654206641214420433      1.137       3.38      0.453   0.421662    142     71    137
143     327  5999898426424885577      1.137       3.27      0.449   0.407658    143    155    170
144     575 10497635132056093840      1.137       3.16      0.449   0.419862    144    284    168
145     700 15553852613422231338      1.136       3.27      0.452   0.416538    145    159    148
146     636  6653254712676953424      1.136       3.27      0.464   0.423726    146    154     45
147     476 17579399301286970293      1.135       3.25      0.457   0.422473    147    186     89
148     468  8880062694097621529      1.135       3.31      0.444   0.425944    148    121    224
149      29  7884084952579709257      1.134       3.25      0.460   0.407111    149    185     64
150     196  2157256561249495857      1.134       3.32      0.414   0.417881    150    111    495
151     176   168508057548871666      1.134       3.23      0.464   0.421054    151    204     43
152     386 13819810541996932097      1.133       3.24      0.430   0.427654    152    191    355
153     482 17898855242919789465      1.133       3.17      0.459   0.410396    153    268     80
154     277   242463388547793790      1.133       3.19      0.452   0.426035    154    249    151
155     568 11848321128349689428      1.133       3.31      0.441   0.427011    155    117    257
156      79 13855727669952034446      1.133       3.26      0.466   0.423950    156    174     33
157     713 16204465698469000359      1.132       3.26      0.457   0.424490    157    165     95
158     776 14831794971818819797      1.132       3.27      0.456   0.422242    158    161    103
159     673 11951320906347421245      1.132       3.19      0.460   0.426244    159    247     63
160     146  4187774267746450188      1.131       3.21      0.440   0.426981    160    228    261
161     424 17717349217495225269      1.130       3.24      0.460   0.421548    161    197     68
162     791  6850581541679997683      1.130       3.26      0.457   0.424772    162    176     94
163     354  1314342829607705822      1.130       3.27      0.442   0.427914    163    162    236
164     567 10533844300617944104      1.129       3.22      0.451   0.424352    164    212    154
165     780 13601108812215295874      1.129       3.34      0.464   0.424673    165    102     47
166     559 13660429474672275760      1.128       3.42      0.448   0.425810    166     49    177
167     291  2290475673156423231      1.128       3.09      0.458   0.423628    167    371     87
168     292 11643981733133678207      1.128       3.19      0.459   0.425434    168    240     76
169     510  7517724635357604682      1.128       3.20      0.459   0.425606    169    237     69
170     174 15646264522418620364      1.127       3.37      0.451   0.422041    170     75    155
171     611 15600303968632707817      1.127       3.31      0.429   0.427913    171    119    365
172     156  7646174053167182904      1.127       3.29      0.450   0.425290    172    136    165
173     154  2359805776836175054      1.127       3.18      0.472   0.424237    173    264     11
174     373 11958826070709494401      1.126       3.16      0.453   0.423854    174    288    138
175     555 10439011436082130201      1.126       3.30      0.443   0.428014    175    125    234
176     644 13721093152211515222      1.126       3.31      0.444   0.425130    176    118    217
177     698  5125114749958504320      1.126       3.19      0.443   0.427878    177    242    228
178     438 16327506298630702233      1.125       3.21      0.457   0.426952    178    223     96
179     204  7155349703358211036      1.125       3.26      0.456   0.426097    179    172     97
180     565  3745255837981709705      1.124       3.21      0.450   0.423408    180    220    160
181     548 14612242496217648679      1.124       3.26      0.446   0.426107    181    168    201
182     730  7452297661755061350      1.123       3.29      0.449   0.423375    182    139    167
183      31 14945471647392039681      1.123       3.29      0.445   0.421954    183    134    212
184     561  2932506105755326466      1.123       3.38      0.439   0.424152    184     72    274
185      14 15058662412242877013      1.122       3.26      0.441   0.420979    185    178    250
186     454  3025295971956058150      1.122       3.26      0.450   0.426610    186    177    163
187     250  6127913292760207042      1.122       3.18      0.472   0.421769    187    261     10
188     783  9105407814512073881      1.121       3.12      0.456   0.417094    188    337    101
189     512  4083348629481017353      1.119       3.32      0.437   0.424042    189    109    298
190     130 10903823995394270069      1.118       3.19      0.426   0.392015    190    248    386
191     470   900085639507806285      1.117       3.29      0.452   0.415125    191    140    144
192     549 15079975640603413742      1.116       3.17      0.469   0.422086    192    281     17
193     370  5630691022876844304      1.116       3.05      0.453   0.423618    193    392    141
194     799  1468347256711339872      1.115       3.19      0.455   0.427687    194    244    123
195     158 16659754858292628237      1.114       3.26      0.458   0.423997    195    164     86
196     709  6963774647319908809      1.114       3.18      0.456   0.423285    196    260    102
197     153  3087023548853614822      1.114       3.17      0.456   0.422098    197    272    107
198     724  5187505823651997311      1.113       3.41      0.438   0.426488    198     54    288
199     126  2633690831389363879      1.113       3.29      0.425   0.408832    199    135    399
200      77 16955438889332678352      1.112       3.26      0.428   0.417053    200    181    369
201     390 15208094364242385359      1.110       3.26      0.423   0.426883    201    175    416
202     554  9135605195341761869      1.110       3.21      0.452   0.407642    202    219    146
203      22  5926076389761409934      1.109       3.16      0.453   0.420306    203    294    136
204     796  8078643105265855797      1.108       3.12      0.453   0.426093    204    335    143
205     221 16437287177099178506      1.107       3.18      0.455   0.426436    205    262    113
206     595 14492950121814913990      1.107       3.14      0.462   0.424539    206    305     57
207     463  4927414089309372580      1.107       3.16      0.439   0.417029    207    289    272
208     339  2500027868330265707      1.107       3.18      0.456   0.427759    208    258    105
209     613  2751265854683554772      1.106       3.23      0.446   0.426903    209    206    198
210     720 10104290398794581432      1.105       3.29      0.446   0.416557    210    132    203
211     593   693126739203421740      1.105       3.21      0.435   0.423585    211    217    313
212     647  3835149948587744457      1.105       3.40      0.411   0.428659    212     58    515
213      64  8370544324519749614      1.105       3.28      0.459   0.425741    213    152     73
214     132 12076898892837474840      1.105       3.24      0.440   0.422628    214    194    260
215     403  1604231934817132780      1.104       3.11      0.454   0.422304    215    341    131
216     448  8960058607387509366      1.104       3.22      0.432   0.423744    216    207    342
217     459  9175224538107414059      1.103       3.25      0.438   0.413875    217    187    286
218     498 13433985302971783278      1.102       3.06      0.467   0.424874    218    385     27
219     271 17371714945230936257      1.101       3.20      0.436   0.424443    219    231    307
220     671  4704684974054747738      1.101       3.17      0.465   0.427296    220    280     40
221     276  6722263477670844183      1.101       3.20      0.441   0.415121    221    230    254
222     658 16948909755943119159      1.100       3.15      0.464   0.423735    222    299     44
223     790 17840063979956826232      1.100       3.21      0.449   0.423660    223    221    173
224     590  5217034622416120740      1.100       3.26      0.427   0.429029    224    163    379
225     317 10808061766690861439      1.099       3.19      0.446   0.423687    225    252    199
226     117 10907692223483096950      1.099       3.43      0.417   0.407222    226     45    468
227     245  7018694377089862936      1.097       3.14      0.455   0.425362    227    308    111
228     382 14302172162556147445      1.097       3.19      0.439   0.413087    228    241    270
229     731  4097691284344713429      1.096       3.14      0.451   0.425139    229    307    152
230     462  5090305462744725437      1.096       3.24      0.426   0.430614    230    189    390
231      71  6503977554593644180      1.095       3.35      0.430   0.418058    231     98    357
232     307  1423515048110217007      1.095       3.24      0.438   0.423379    232    195    284
233     465  6629900988025847527      1.094       3.09      0.429   0.408279    233    373    361
234     655  3196337500063102875      1.094       3.30      0.409   0.394384    234    126    523
235     210  4241674426350903029      1.094       3.20      0.460   0.422590    235    238     62
236     660  7362099475143380281      1.093       3.09      0.463   0.421781    236    375     48
237     754  3044325672790866220      1.093       3.26      0.442   0.428449    237    169    237
238      16  9089173799394744216      1.093       3.15      0.434   0.394485    238    296    323
239     388 15950734809779532869      1.093       3.09      0.448   0.416739    239    363    182
240       7  6116232655979643578      1.092       3.29      0.439   0.427857    240    133    273
241     349 16478396785289300648      1.092       3.23      0.438   0.405849    241    200    282
242     110 15926764505928812913      1.092       3.13      0.454   0.426768    242    319    132
243     407 12812551406092992334      1.091       3.15      0.442   0.421264    243    300    242
244     666 15819987999899501331      1.090       3.17      0.451   0.426592    244    270    159
245     648  8561673204128375787      1.090       3.21      0.438   0.422818    245    218    285
246     223  1689056607886250721      1.090       3.16      0.444   0.428920    246    290    219
247      58 11937860716788936190      1.089       3.23      0.426   0.425759    247    199    392
248      57 17767764731956844073      1.089       3.17      0.449   0.418987    248    277    169
249     483  6816120950265246365      1.089       3.17      0.444   0.422005    249    278    225
250     345  7743472565254340369      1.088       3.14      0.446   0.424513    250    310    197
251     461   329743815502486694      1.088       3.21      0.439   0.415860    251    224    268
252       9 13265426551472630865      1.088       3.15      0.465   0.423665    252    302     41
253     297  1508652764589495505      1.088       3.28      0.437   0.409135    253    151    293
254     742  5509621597049145229      1.088       3.19      0.446   0.425620    254    246    200
255     493 13967431721778999859      1.087       3.25      0.428   0.422914    255    188    373
256     417  6002922634023412293      1.087       3.26      0.428   0.412909    256    171    374
257     472 12448695259486466294      1.087       3.17      0.442   0.421104    257    269    246
258     279 15327969273908904494      1.086       3.20      0.433   0.425875    258    235    330
259     675  6529245124602741217      1.086       3.19      0.455   0.423529    259    253    112
260     248 14976414781522632523      1.086       3.22      0.443   0.415502    260    209    232
261      12 15854386092367339346      1.086       3.21      0.421   0.423415    261    225    436
262     187  1421305765415891951      1.086       3.09      0.467   0.409619    262    367     29
263     105  4336298447335178696      1.085       3.13      0.443   0.425376    263    317    229
264     222 17152358511065608057      1.085       3.19      0.448   0.424069    264    245    183
265      90  3955736023440666143      1.084       3.26      0.432   0.425288    265    166    338
266      20  6648783437061348536      1.083       3.31      0.411   0.396364    266    116    512
267      42 15444161686625453692      1.083       3.04      0.447   0.416544    267    398    186
268     264   442660731546360453      1.082       3.20      0.397   0.387781    268    232    608
269     781  5642169608858585907      1.082       3.13      0.446   0.425264    269    323    207
270      43 17232890835670202906      1.081       3.17      0.431   0.426456    270    274    345
271     490  6106937979961009098      1.081       3.31      0.414   0.426614    271    115    484
272      85  7976539648295913851      1.081       3.24      0.427   0.395451    272    193    380
273     663 12867917538253474736      1.080       3.24      0.438   0.418395    273    192    283
274     260  9629620998448138254      1.080       3.20      0.408   0.402263    274    234    533
275     128  8828536939790331433      1.079       3.18      0.446   0.410427    275    256    194
276     695  8730370411158964578      1.079       3.11      0.455   0.416686    276    351    109
277     318   195788006902685462      1.079       3.04      0.458   0.421963    277    402     85
278     604 13044133615230558013      1.078       3.23      0.426   0.426660    278    201    391
279     383  6499987172306447590      1.077       3.18      0.453   0.422763    279    265    140
280     552 14474017133760541748      1.076       3.15      0.436   0.429246    280    298    306
281     560  9426164090239980089      1.075       3.14      0.431   0.426749    281    312    348
282     743 12609283919093229310      1.075       3.21      0.448   0.418873    282    216    181
283     676 11429901419443757718      1.075       3.32      0.426   0.401037    283    112    385
284     703  5291606515930983683      1.074       3.17      0.439   0.427808    284    282    269
285     727 10445469505670146767      1.074       3.13      0.436   0.413798    285    327    310
286     779  9565537796904823742      1.074       3.12      0.433   0.411788    286    329    327
287     415  5031521178429519789      1.074       3.22      0.429   0.427420    287    211    366
288     586 10728941009968557668      1.073       3.06      0.444   0.426045    288    387    226
289      80 14793822456511150436      1.073       3.13      0.459   0.422175    289    320     71
290     296 17396689367158082273      1.072       3.13      0.436   0.429117    290    326    301
291     405  6206058231097677387      1.072       3.11      0.447   0.425728    291    349    187
292     152 15929983451427999447      1.071       3.17      0.422   0.424559    292    271    431
293     145  9025652768925358328      1.070       3.06      0.454   0.411294    293    386    124
294     389 16016028001340388367      1.070       3.19      0.456   0.425010    294    250    108
295     622  4723812418940669644      1.070       3.27      0.440   0.418619    295    160    259
296     368  9175410075361841188      1.070       3.10      0.449   0.426782    296    352    174
297     540 16489026821595077681      1.069       3.09      0.442   0.424219    297    360    243
298      11 17183871877105666801      1.067       3.09      0.437   0.420522    298    359    292
299       4  1296734873149627592      1.067       3.13      0.460   0.423821    299    321     66
300     323 11676021276890267234      1.066       3.16      0.465   0.426989    300    283     37
301     416 17180913970882921978      1.066       3.14      0.428   0.418096    301    316    367
302     737  7941437901740015324      1.065       3.02      0.467   0.421527    302    420     31
303     529 18188267400078704734      1.064       3.18      0.448   0.423993    303    263    179
304     425  9700141017269143566      1.064       3.05      0.423   0.365882    304    391    421
305     527  4784674197399741091      1.064       3.15      0.437   0.426830    305    301    296
306      49  3525181187776282391      1.063       3.22      0.398   0.397737    306    208    599
307     162  3519570824852639382      1.063       3.03      0.454   0.406102    307    408    128
308     507 16903177617840625325      1.062       3.16      0.431   0.430028    308    286    349
309     283  3956660021467684436      1.062       3.15      0.414   0.392104    309    295    487
310     348  6869155468901618632      1.061       3.11      0.430   0.399753    310    348    350
311     488 16155374517007311661      1.060       3.11      0.440   0.425776    311    347    267
312     680 15985607372927318921      1.060       3.13      0.443   0.425771    312    325    233
313     333 13878916280738454865      1.060       3.15      0.450   0.416472    313    297    161
314     305 10234917759508886765      1.059       3.14      0.422   0.425991    314    311    426
315     326   275690289431049217      1.059       3.20      0.446   0.408662    315    236    195
316     564 14870118010545403275      1.059       3.08      0.433   0.428742    316    376    331
317     440 11194974715698840413      1.058       3.12      0.445   0.405686    317    336    213
318     280   546837647831782935      1.057       3.19      0.413   0.423893    318    251    504
319     155  4482106480076547361      1.055       2.94      0.455   0.423631    319    471    122
320     646  5202784630985872391      1.054       3.23      0.433   0.414571    320    205    329
321     400  3669394865317059207      1.053       3.16      0.440   0.426261    321    285    258
322      23 10265009700742074104      1.053       3.18      0.425   0.428910    322    257    403
323      98 14020678451309944397      1.053       3.07      0.439   0.411426    323    379    271
324      88 13233468016012363934      1.053       2.88      0.469   0.422165    324    510     16
325     669 11339571370171630375      1.053       3.15      0.438   0.422283    325    303    281
326     338 16798513512698838986      1.052       3.21      0.414   0.418919    326    226    496
327     643 14993070696913228201      1.052       3.10      0.425   0.428323    327    358    398
328     532 14633070693533867896      1.052       3.14      0.444   0.425477    328    304    220
329     262 11555333072972940765      1.050       3.23      0.434   0.427199    329    203    325
330     633  1513903589643506756      1.050       3.12      0.432   0.414289    330    331    337
331       8  5805958870133268815      1.048       3.08      0.451   0.425772    331    378    153
332     485  4855896198131430846      1.048       3.03      0.430   0.400150    332    409    354
333     478 16234739662377920526      1.047       3.21      0.414   0.389918    333    222    490
334     374  6223902085268162303      1.045       3.04      0.431   0.426963    334    396    347
335     500 18088879189176546373      1.045       3.22      0.419   0.411436    335    214    453
336     543  7742186448588896457      1.044       3.05      0.420   0.419713    336    390    444
337     161 14320832516445064591      1.044       3.13      0.421   0.425106    337    324    438
338     556 10373058565714294550      1.044       3.18      0.420   0.395113    338    255    442
339     650 10083395476654627692      1.044       3.03      0.454   0.421352    339    411    126
340     717  1142426169736972613      1.044       2.98      0.446   0.425598    340    439    202
341     495  4731247987008277517      1.044       3.10      0.448   0.412976    341    356    180
342     177  3728927102710849678      1.043       3.23      0.412   0.409532    342    198    507
343     607  1586197099882879725      1.042       3.10      0.424   0.427490    343    355    414
344     759  2753219362205052851      1.041       3.12      0.433   0.414408    344    340    333
345     362  9866759805445969471      1.040       3.30      0.400   0.436244    345    130    582
346     517 16871014015511640795      1.039       3.17      0.422   0.418297    346    267    429
347     191 12107113151879388773      1.039       2.98      0.429   0.412098    347    443    362
348       2  6029950979097221868      1.039       3.11      0.440   0.411543    348    346    265
349     670  8488933093583292245      1.039       2.98      0.434   0.428335    349    440    318
350     351 12513174040884233909      1.039       3.08      0.435   0.420378    350    377    314
351     365  5059790170102402423      1.039       3.09      0.450   0.427096    351    365    166
352     256  3918569042304629133      1.037       3.16      0.423   0.423054    352    287    420
353     518 12679107740558721880      1.037       3.09      0.447   0.427395    353    366    192
354     741 12588140063378294204      1.036       3.13      0.425   0.427310    354    322    405
355     767  2175971371729958429      1.036       3.12      0.427   0.425072    355    328    383
356     467 14666414596809459891      1.036       3.05      0.436   0.426531    356    394    304
357     523 14476525700860995976      1.035       3.12      0.404   0.429914    357    333    555
358     133  3001008323528769965      1.035       3.11      0.416   0.415073    358    345    477
359     449 11643310775639181507      1.035       3.06      0.412   0.417754    359    389    508
360      91 10645298449229141243      1.034       3.20      0.422   0.405537    360    233    424
361     639  9649186543146009375      1.034       3.14      0.425   0.426712    361    315    406
362     347 16717303972457208872      1.033       3.16      0.419   0.422070    362    292    451
363     414  1846788534960956884      1.032       2.93      0.441   0.399161    363    477    255
364     402  4833447179671716719      1.031       3.17      0.425   0.426654    364    276    404
365     289 17634570015460857325      1.031       3.11      0.404   0.422849    365    344    561
366     300 14878465646623800407      1.030       2.97      0.461   0.424017    366    451     60
367     501 14856982561207584012      1.030       3.16      0.400   0.429024    367    291    579
368     371   185720955095589134      1.030       3.06      0.422   0.428249    368    383    430
369     341  7227191273297002235      1.030       3.12      0.432   0.425256    369    338    341
370     315  9812696557159545607      1.030       3.22      0.415   0.417598    370    213    478
371     634  4298591502635449707      1.029       3.10      0.414   0.426604    371    354    489
372       1 14161001486989760588      1.028       3.17      0.429   0.429979    372    266    364
373     739 13569845649144036770      1.028       3.24      0.409   0.385623    373    196    527
374     312 10945602548729668910      1.028       3.47      0.387   0.414398    374     25    655
375     674  4936766045308459786      1.028       3.10      0.436   0.424251    375    353    308
376     740  8049238997291177147      1.027       3.19      0.421   0.394562    376    243    432
377     716 10463253120673695261      1.025       3.09      0.432   0.408433    377    370    339
378     286  6918753220098153322      1.025       2.99      0.437   0.424624    378    434    294
379     551  7312411610710822227      1.025       3.12      0.436   0.427398    379    330    302
380     251  1912736020518664491      1.024       2.92      0.432   0.374676    380    484    340
381     355 13825987737720616704      1.022       3.18      0.434   0.430048    381    259    317
382     233 10468891361048897596      1.022       3.14      0.414   0.423038    382    314    492
383     764 11578689765325901978      1.021       3.21      0.424   0.411658    383    227    411
384     785 11166398225022227360      1.021       3.16      0.399   0.404404    384    293    597
385     205   902125696687054148      1.020       2.98      0.431   0.424885    385    438    346
386     375  1303114553420428294      1.020       3.17      0.404   0.411907    386    273    558
387     268  5186135322947904502      1.020       2.95      0.446   0.427538    387    462    210
388     103   592461664301088428      1.019       2.99      0.471   0.426337    388    431     12
389     502 14016487160407100454      1.018       3.01      0.445   0.410716    389    424    216
390     429 11402311046008533590      1.018       3.09      0.429   0.415895    390    374    360
391     273 11615385820683652101      1.016       3.00      0.440   0.430099    391    430    263
392     642  1829914849309832691      1.016       3.09      0.422   0.417157    392    369    425
393     600  6183757751925746490      1.014       2.93      0.440   0.401273    393    476    264
394     136  2643365640810695369      1.013       3.03      0.426   0.430423    394    406    395
395     255  6517814790655564361      1.013       3.14      0.431   0.430871    395    313    343
396     168 16232207921421362774      1.012       3.09      0.441   0.421372    396    364    256
397      10 18194112789760262022      1.010       3.14      0.409   0.390153    397    309    525
398     119  9101030710521199011      1.010       3.06      0.378   0.424982    398    388    688
399     148 16389607734708791255      1.009       2.98      0.417   0.429096    399    442    465
400     329 12492302601686776932      1.009       3.02      0.399   0.411310    400    421    596
401     202  6657314609255573656      1.009       3.01      0.446   0.425188    401    425    204
402     180 10819927221092723337      1.009       3.06      0.413   0.425313    402    382    505
403     712  5713268479179544721      1.008       2.94      0.432   0.427849    403    473    336
404     275  2513117902923309565      1.007       3.09      0.409   0.387329    404    362    531
405     290 15977653987584045061      1.006       2.98      0.408   0.428463    405    445    534
406      67 11261167612375464461      1.005       3.07      0.411   0.433326    406    380    511
407     230  1504124426335020128      1.005       3.02      0.420   0.420010    407    418    447
408      75 12812762298793681121      1.004       3.00      0.426   0.415483    408    428    393
409     765 12679200786298713579      1.003       2.95      0.444   0.425933    409    459    221
410      51  2468526775943143813      1.003       2.98      0.447   0.430234    410    444    189
411     346 13010239872886424495      1.002       2.83      0.436   0.371545    411    540    299
412     170  1291499090037908716      1.002       2.99      0.442   0.413623    412    436    238
413     594 17979447955111414668      1.001       2.89      0.439   0.413335    413    500    276
414     303  4633373384697573874      1.001       3.17      0.417   0.411845    414    275    464
415     123 11441976916924284640      1.001       2.91      0.452   0.424183    415    491    149
416     101 13308841045154215395      0.998       3.03      0.397   0.420060    416    413    606
417     453  1487714224002996563      0.998       2.94      0.441   0.392067    417    472    253
418     499  6504489097291596821      0.997       3.03      0.444   0.419665    418    412    223
419     718 17722881365892181367      0.996       3.12      0.418   0.409481    419    332    457
420      69 16695192424604234437      0.995       3.11      0.413   0.425938    420    342    502
421     480 15968712439549896770      0.994       3.02      0.454   0.415674    421    416    127
422      38  5534473749044489660      0.994       3.09      0.423   0.398066    422    361    423
423     281 12368037144861178713      0.993       3.01      0.426   0.410746    423    423    389
424     181 10590513772884014918      0.993       2.88      0.444   0.426757    424    509    218
425     238  2543969264063716837      0.993       2.93      0.441   0.422054    425    482    251
426     772 17895691614022313905      0.991       2.99      0.428   0.417064    426    435    368
427     766 16861227721867454948      0.990       2.94      0.425   0.429095    427    470    401
428      18  5924020500239312360      0.990       3.04      0.428   0.425341    428    397    371
429     553  4977723351471827493      0.990       3.05      0.420   0.427915    429    395    446
430     782 13570888325567344061      0.990       2.99      0.417   0.422566    430    432    466
431     151  5242343936932492164      0.989       3.12      0.418   0.426953    431    339    458
432      44 13452365402855698419      0.989       2.98      0.409   0.372865    432    437    530
433     546  2135193958309744286      0.988       3.03      0.407   0.388920    433    405    537
434     775 13653240913506516526      0.988       2.95      0.415   0.429666    434    465    479
435     787  8160227426357323312      0.988       2.94      0.428   0.394922    435    469    370
436     664 18289918760812073264      0.986       3.04      0.419   0.425087    436    399    454
437     183  5452174654853808946      0.985       2.94      0.410   0.424182    437    474    517
438     641 12347948927470663073      0.985       3.06      0.433   0.421890    438    384    332
439     761  3941504015667899953      0.984       3.04      0.430   0.419597    439    400    352
440     701  3559542272600638010      0.984       3.01      0.420   0.426602    440    426    450
441     116 11664386099845861159      0.983       3.10      0.409   0.411358    441    357    528
442     679  6109517787553791943      0.983       3.11      0.404   0.419974    442    350    557
443     246 12189248641553208560      0.982       3.09      0.384   0.428026    443    372    669
444     773  2092366988958991749      0.981       2.97      0.433   0.413943    444    448    326
445     537 11464629276972248074      0.981       2.91      0.429   0.431602    445    490    358
446      24  1285791014254414266      0.980       2.95      0.405   0.427770    446    461    548
447      39   329208213306211943      0.980       2.96      0.416   0.430762    447    455    473
448     194  2455541773647685846      0.977       2.87      0.421   0.407141    448    515    434
449     124 17974593674870156863      0.976       2.96      0.390   0.419390    449    454    644
450      28 13742762043756604541      0.976       3.02      0.409   0.397327    450    419    526
451     538  4199632759614381090      0.976       2.90      0.419   0.379961    451    496    455
452      48 16294508284790876628      0.976       2.90      0.428   0.404059    452    498    372
453     114  8069370715269633662      0.976       2.97      0.420   0.423648    453    446    445
454      76  2843823541233538331      0.974       2.85      0.425   0.430581    454    532    400
455     225 14188305728109360904      0.974       2.99      0.429   0.408524    455    433    363
456      73 12308346152530022127      0.973       3.07      0.396   0.403353    456    381    615
457     278 16460665835158294463      0.972       3.04      0.406   0.426779    457    401    540
458     144  8473984463870452061      0.972       2.85      0.436   0.426098    458    530    311
459     625 12952734967670709627      0.971       3.03      0.390   0.412070    459    407    645
460     547  3170200108476785605      0.971       3.03      0.403   0.419055    460    410    564
461     756   508726977569388011      0.970       3.02      0.399   0.407440    461    417    591
462     513 11171399372666619569      0.969       2.95      0.429   0.418025    462    460    359
463     242  7939082725371007074      0.968       2.85      0.439   0.412826    463    527    279
464     157 17703441207982851638      0.966       2.87      0.433   0.429478    464    514    328
465     442 17558855104426030487      0.966       2.98      0.412   0.424109    465    441    509
466      37 12330056954227718733      0.964       2.65      0.464   0.414055    466    630     46
467     106   182616783403342716      0.963       2.88      0.426   0.429631    467    507    388
468     683  2024872461759772720      0.963       2.90      0.427   0.432468    468    493    378
469     441  8117607209248345740      0.962       3.12      0.395   0.403627    469    334    619
470     217  8126696705283078055      0.960       2.96      0.410   0.399048    470    457    518
471      47  9428890870435157015      0.959       2.91      0.436   0.429895    471    486    305
472     267 17706732964614090475      0.957       2.88      0.413   0.419638    472    505    499
473     147  8960729633551773212      0.956       2.91      0.430   0.421037    473    492    353
474     630 17041023033665752673      0.955       3.04      0.422   0.405737    474    403    428
475     473  3602812250261070869      0.954       2.85      0.411   0.405423    475    533    510
476     211 16071673280151135859      0.954       2.93      0.421   0.419398    476    479    440
477     367  7125661688803620705      0.954       3.02      0.395   0.424047    477    415    621
478     612 15482898165984092313      0.954       2.93      0.417   0.439890    478    481    460
479     542  6049113831830189953      0.952       2.91      0.416   0.413061    479    487    471
480     244 17402954548797702716      0.950       3.00      0.403   0.421597    480    429    570
481     667 12185257358847237006      0.950       2.96      0.407   0.395825    481    458    539
482      60  3051833528260010008      0.950       3.09      0.407   0.389130    482    368    535
483     608 18430847528903004078      0.950       3.00      0.400   0.423867    483    427    581
484     306  4306919082952425427      0.950       2.94      0.420   0.410003    484    475    448
485     563  3099993406977908975      0.950       2.77      0.440   0.413882    485    577    266
486      97 18369061720777317885      0.950       2.89      0.422   0.378146    486    504    427
487     423 12870276334936927531      0.949       2.86      0.410   0.376047    487    519    519
488     274 18418785631099663775      0.947       2.86      0.423   0.404521    488    524    415
489     111 14792990456410953052      0.946       2.90      0.420   0.433481    489    499    449
490     192 16105407709653327262      0.945       2.95      0.395   0.430138    490    463    622
491     240  8818495029644738851      0.944       3.04      0.394   0.423410    491    404    629
492     678  2514251978143983325      0.943       3.02      0.403   0.414826    492    414    568
493     763 15080052123105960825      0.943       2.95      0.423   0.428849    493    464    417
494     618  7058139110303437402      0.942       3.02      0.386   0.432382    494    422    661
495     112  7558926144216424893      0.941       2.90      0.400   0.402230    495    497    587
496     688 13954535963789187405      0.941       2.85      0.424   0.417829    496    528    412
497     699  6941884764013069193      0.941       2.86      0.417   0.422467    497    518    467
498     142 13760744952380554230      0.941       3.14      0.408   0.435449    498    306    532
499     653  7316217146636223932      0.940       2.88      0.425   0.431945    499    511    397
500     298  2107433287863274158      0.939       2.86      0.416   0.432180    500    521    470
501      78  4197354360108088797      0.939       2.78      0.426   0.428587    501    565    394
502     684  7768851203034496035      0.938       2.89      0.406   0.422749    502    503    543
503      40 14642053334763119179      0.938       2.84      0.415   0.414785    503    536    483
504      50 10454815312731410020      0.937       2.89      0.434   0.421298    504    501    321
505     206    95985320769294551      0.937       2.81      0.404   0.388865    505    548    556
506     337  7017760630171317055      0.936       2.85      0.413   0.423536    506    531    501
507     104 10562257859559728889      0.935       2.78      0.394   0.388343    507    568    626
508     697 15252428091372868358      0.934       3.05      0.380   0.423152    508    393    681
509     356 12897538353354175138      0.934       2.93      0.395   0.433970    509    480    623
510     220 16549788212299670302      0.934       2.90      0.424   0.398053    510    494    410
511     464 14586084495035451277      0.932       2.86      0.442   0.416355    511    522    235
512     236 11519153298535641357      0.932       2.81      0.421   0.430007    512    549    439
513     570 16011679149051188383      0.932       2.96      0.400   0.427327    513    453    583
514      72  7352100732312028239      0.931       2.73      0.425   0.406716    514    597    407
515     398   380596127885390494      0.930       2.85      0.427   0.426799    515    526    381
516     325 15658145604393104054      0.929       2.83      0.437   0.428396    516    544    290
517     392 13064733877990093673      0.929       2.96      0.416   0.424618    517    456    475
518     545   220937258851906558      0.928       2.87      0.421   0.421248    518    512    437
519     163  8285716540875273768      0.928       2.97      0.394   0.426087    519    447    628
520     203 16539714912793841124      0.927       2.82      0.404   0.410779    520    547    553
521     353  5269540757710827256      0.927       2.80      0.407   0.420543    521    553    538
522     649  3041784998574398522      0.926       2.94      0.397   0.432081    522    468    609
523     723 17997462890582787169      0.926       2.76      0.407   0.379927    523    583    536
524     652 12733178680179848645      0.925       2.95      0.395   0.417526    524    466    617
525     332  2569248341961206526      0.924       2.86      0.430   0.429419    525    525    351
526     131  8855471325880389449      0.924       2.93      0.423   0.405631    526    483    419
527      96 15349800590381461523      0.924       2.79      0.439   0.428578    527    563    277
528     342 17499857015971480235      0.922       2.91      0.396   0.429708    528    489    616
529     428 17465231729777426466      0.922       2.80      0.455   0.429226    529    555    110
530     100  5095071036978011624      0.921       2.86      0.401   0.431859    530    523    574
531     557 17828596084889937253      0.920       2.91      0.410   0.425612    531    488    516
532       6  8012867602636177041      0.920       2.97      0.414   0.411482    532    450    485
533     418 16569297186569343560      0.918       3.13      0.372   0.396013    533    318    705
534     659  3006993139530988239      0.918       2.79      0.421   0.429922    534    564    435
535     410   340996404357143372      0.917       2.85      0.391   0.407623    535    529    638
536     393  1034470694290294160      0.917       2.83      0.401   0.388669    536    541    577
537     446 17731216253737145015      0.917       2.88      0.409   0.414897    537    508    521
538      68 13526631497262040408      0.916       2.93      0.427   0.415393    538    478    377
539      82 13664248832179905012      0.914       2.81      0.434   0.427432    539    550    320
540     121 11386749920961484768      0.913       2.62      0.430   0.361866    540    642    356
541     778 13443655695388338029      0.913       2.83      0.416   0.409314    541    542    472
542     138  1594453451767666917      0.912       2.85      0.405   0.374862    542    534    547
543     566 15527357826071523199      0.910       2.90      0.401   0.422759    543    495    575
544      21  1666714844121237768      0.909       2.75      0.444   0.420753    544    586    222
545      59  3053078498536169646      0.909       2.83      0.415   0.414096    545    538    482
546     186  7328183945765991518      0.907       2.78      0.413   0.427523    546    570    503
547      25    46459063979441405      0.906       2.88      0.394   0.430758    547    506    627
548     677 14906547368793198571      0.906       2.76      0.421   0.424068    548    581    441
549     335  1023481099746176891      0.906       2.86      0.415   0.429282    549    520    481
550     614  9687512567876331238      0.904       2.72      0.424   0.424811    550    603    413
551     637 13270266748349343114      0.903       2.80      0.409   0.390602    551    557    529
552     427    40603584865862957      0.902       2.79      0.405   0.408142    552    559    549
553     243  9748118178175392011      0.902       2.77      0.411   0.400266    553    574    513
554     579 13495382421257454326      0.898       2.80      0.403   0.432320    554    556    566
555     784 17199365568889162672      0.897       2.76      0.400   0.426159    555    584    578
556     344 12949305259410452560      0.897       2.82      0.404   0.404330    556    545    554
557     705  7013343041358570553      0.896       2.73      0.402   0.422521    557    596    573
558     420 10361529680123186602      0.895       2.89      0.410   0.401165    558    502    520
559     406 16632373121993224395      0.893       2.96      0.386   0.405188    559    452    663
560     261 11423010160557342379      0.892       2.77      0.397   0.425045    560    576    607
561     357  3341022854889503921      0.892       2.84      0.404   0.431125    561    535    559
562      66  7923615642952227895      0.892       2.97      0.397   0.432310    562    449    610
563     686 13264557400945321804      0.892       2.67      0.431   0.429396    563    625    344
564     492 14960706633147730258      0.890       2.87      0.399   0.430384    564    513    594
565     443  3716849086812827326      0.888       2.71      0.417   0.429463    565    607    462
566     629 16061662657684038889      0.886       2.78      0.417   0.401262    566    569    461
567     628  8630542718720220731      0.886       2.80      0.400   0.415633    567    551    586
568     149  1150085605795069707      0.886       2.69      0.413   0.378726    568    613    498
569     439 12563125417064129612      0.884       2.77      0.395   0.418914    569    579    624
570     691 10814104499589766187      0.884       2.72      0.405   0.417637    570    599    552
571     422 16701842174053986175      0.882       2.71      0.396   0.436046    571    609    613
572     539 12456643235862475786      0.881       2.73      0.417   0.421036    572    594    463
573     707  6059092154398586084      0.881       2.82      0.400   0.389852    573    546    588
574     160  5732787310373729819      0.881       2.71      0.416   0.382071    574    605    474
575     434  3760627458200031833      0.876       2.72      0.413   0.390452    575    600    497
576     197  9669887965064015058      0.875       2.87      0.392   0.434966    576    516    634
577     752  2840846034178266932      0.875       2.72      0.414   0.429728    577    602    494
578     605  1926247088985652658      0.874       2.84      0.400   0.405899    578    537    585
579     199 14373584901767913077      0.874       2.61      0.428   0.426743    579    645    375
580     272  9234625090493645376      0.874       2.62      0.417   0.420461    580    640    459
581     228 10788466493663693156      0.872       2.78      0.368   0.432545    581    572    712
582     358  9613789996503107413      0.872       2.71      0.396   0.428032    582    606    612
583     599 12094093873854167686      0.870       2.68      0.414   0.395298    583    618    493
584     313  2238583206127098473      0.870       2.65      0.425   0.430299    584    629    396
585     352 16355648167012265207      0.870       2.69      0.406   0.393160    585    616    546
586     798  9658106838814927662      0.870       2.79      0.411   0.432701    586    558    514
587     430  7366608914014941306      0.869       2.95      0.398   0.396529    587    467    601
588     334 11102992484049775422      0.869       2.72      0.406   0.401814    588    604    541
589     788  2656387068431148224      0.869       2.80      0.377   0.411097    589    552    690
590     118  1792731516334516334      0.869       2.76      0.384   0.424934    590    582    671
591     508 11152384707842633589      0.867       2.66      0.400   0.429856    591    626    580
592     173 10564424341959025887      0.866       2.87      0.400   0.406609    592    517    584
593      95  3179817266585202073      0.866       2.73      0.406   0.427972    593    593    544
594     627 13867583315830744805      0.865       2.76      0.454   0.401502    594    585    130
595     598  8407020382269755332      0.865       2.71      0.402   0.430940    595    608    571
596     489  6437537154978876489      0.865       2.73      0.409   0.416250    596    595    522
597     530  2315106706479276289      0.864       2.69      0.420   0.428084    597    614    443
598     309 11334061490411965983      0.862       2.91      0.398   0.394045    598    485    603
599     573  5170120031488036940      0.862       2.83      0.387   0.399001    599    543    654
600     324  8302755763671303421      0.860       2.75      0.369   0.424790    600    588    708
601     436  2401040590099360568      0.860       2.68      0.426   0.430037    601    619    384
602     270 12010886256046533178      0.859       2.77      0.415   0.429172    602    573    480
603     456 18321335380848874272      0.858       2.70      0.414   0.417264    603    611    488
604     596  9858310950269904591      0.857       2.63      0.419   0.419136    604    636    456
605     391  3253350993962209784      0.856       2.73      0.409   0.421036    605    592    524
606     735 13668695518941449557      0.854       2.63      0.425   0.410045    606    639    408
607     587  3260410758362556488      0.852       2.79      0.413   0.422356    607    562    500
608     606   130242683499749238      0.851       2.74      0.403   0.434529    608    590    567
609     755 10898530133147217012      0.850       2.59      0.426   0.394238    609    651    387
610     107   752739322602311364      0.850       2.80      0.384   0.403115    610    554    667
611     681 14856465442160898346      0.850       2.77      0.414   0.405287    611    578    486
612     520 11523531393530982001      0.849       2.78      0.381   0.411436    612    566    678
613     241  8473337465561701515      0.848       2.75      0.392   0.425551    613    589    635
614     450 15947153329215762251      0.847       2.68      0.406   0.433711    614    620    542
615     259  4957927887234473869      0.846       2.66      0.387   0.385011    615    627    659
616     624 11140728730111381228      0.846       2.61      0.388   0.412457    616    644    652
617     609  5387707513758226832      0.846       2.67      0.396   0.396151    617    624    614
618     516  4116888903259105637      0.846       2.79      0.398   0.421116    618    560    600
619     504  3515723936523672994      0.843       2.60      0.424   0.420923    619    648    409
620     509  8177263334548785538      0.841       2.79      0.395   0.449763    620    561    620
621      99 15538890594687380863      0.841       2.57      0.423   0.379182    621    653    422
622     519 10472325089375337830      0.836       2.74      0.406   0.416344    622    591    545
623     322 15686332683446524265      0.835       2.78      0.387   0.415046    623    567    657
624     287   994986372832067846      0.835       2.56      0.417   0.429517    624    654    469
625     122  2080253868878324176      0.835       2.63      0.390   0.433021    625    638    646
626      33 18318069799883124238      0.835       2.67      0.392   0.422384    626    622    632
627     734  6578846661297977173      0.834       2.83      0.381   0.433808    627    539    674
628     620 10443435260549132942      0.832       2.59      0.412   0.392031    628    652    506
629     235 18044967079467489363      0.830       2.72      0.387   0.423669    629    601    658
630     661  3184611227363760427      0.830       2.63      0.433   0.416937    630    635    334
631     619  7877435493411691978      0.830       2.66      0.403   0.422769    631    628    565
632     377 14438656339149682569      0.829       2.71      0.389   0.427462    632    610    648
633     725 16985183923169497543      0.829       2.69      0.376   0.446265    633    617    693
634     172 12868265449019296226      0.828       2.60      0.397   0.427704    634    650    604
635     797 13892081868060926352      0.821       2.65      0.391   0.393631    635    632    637
636     258 15774825149971314864      0.819       2.67      0.388   0.425652    636    621    650
637       5  7851661763992945493      0.818       2.72      0.399   0.402575    637    598    595
638     745  6127677551848129792      0.817       2.55      0.414   0.436247    638    656    491
639     195 11683744515682750721      0.815       2.69      0.387   0.391809    639    615    656
640     379 11225099601985138020      0.813       2.43      0.380   0.389195    640    678    683
641     571 12703555106175267727      0.809       2.61      0.384   0.408879    641    646    668
642     182  7521625292769094488      0.809       2.64      0.390   0.404675    642    633    642
643     359 13027179507162327729      0.806       2.55      0.393   0.395684    643    655    630
644     336 11238731194028984880      0.803       2.60      0.403   0.404762    644    649    569
645     757  7533945665949254048      0.803       2.62      0.379   0.411378    645    641    686
646     159 14000972208956257782      0.802       2.67      0.398   0.389460    646    623    602
647     584  4850828396547483974      0.798       2.49      0.404   0.415879    647    662    562
648     209 17273716095925172492      0.790       2.63      0.397   0.420014    648    637    605
649     789 13378730251142644669      0.790       2.60      0.395   0.426019    649    647    625
650     384  2790752769414079494      0.778       2.53      0.399   0.421695    650    658    592
651     474  2881483659907047460      0.775       2.53      0.365   0.420563    651    657    715
652     558  7828565406807750007      0.773       2.48      0.397   0.412641    652    664    611
653     284  5710106966350689618      0.773       3.18      0.323   0.447209    653    254    748
654     616  1441189010905014164      0.767       2.64      0.387   0.422321    654    634    660
655     777 15629880917764410788      0.765       2.44      0.388   0.407117    655    675    651
656     169 15515121244417335705      0.761       2.46      0.404   0.396391    656    668    560
657     237 13092521815807178831      0.758       2.65      0.374   0.405747    657    631    698
658     481  8855962463646756405      0.757       2.52      0.389   0.393380    658    660    647
659     522 11673005584480449386      0.756       2.53      0.370   0.434699    659    659    707
660      36  7841891534304274999      0.755       2.29      0.423   0.402658    660    706    418
661     395  8747333070596482311      0.755       2.46      0.372   0.434938    661    667    706
662     120 13849765511143344206      0.753       2.27      0.425   0.390258    662    709    402
663     640 18088544380830031292      0.753       2.70      0.341   0.470657    663    612    741
664     506  4792046421633983006      0.750       2.46      0.387   0.432560    664    665    653
665     219 15907819001995451321      0.748       2.46      0.390   0.402030    665    666    641
666     396 15701892128542760823      0.748       2.39      0.380   0.417098    666    686    685
667     372 13512282461708572654      0.747       2.46      0.392   0.438515    667    669    636
668     569 10551602371427112688      0.747       2.19      0.432   0.360398    668    717    335
669     544 17589510106752696609      0.743       2.43      0.392   0.379701    669    677    633
670     572  3615089448366308959      0.742       2.41      0.402   0.397189    670    683    572
671     623  6967279194303942177      0.735       2.38      0.381   0.431378    671    687    679
672     694  6880818472563277916      0.735       2.62      0.367   0.413774    672    643    713
673      30 12856148848796066448      0.732       2.75      0.319   0.467992    673    587    750
674     511 14787825128026669387      0.729       2.40      0.401   0.387810    674    685    576
675     665   166752522050933892      0.729       2.32      0.386   0.430603    675    698    662
676     768 11330830841594695963      0.727       2.49      0.374   0.426502    676    663    699
677     505 14065339545279625818      0.726       2.27      0.399   0.386164    677    708    590
678     200 13583132757779288783      0.726       2.45      0.369   0.431654    678    672    709
679     363  3851158487126609542      0.724       2.43      0.374   0.401882    679    679    697
680     733  6905601615689922174      0.722       2.44      0.384   0.417890    680    676    666
681     231  6436897117022768934      0.721       2.36      0.391   0.389780    681    693    640
682      13 13028815461253925884      0.718       2.45      0.378   0.395289    682    671    687
683     184 13134492838662128435      0.717       2.38      0.381   0.422002    683    688    675
684      46  8819088268538794579      0.715       2.44      0.360   0.435959    684    674    721
685     421  5950387873392747826      0.715       2.77      0.344   0.424573    685    580    737
686     654 11517175285988241650      0.715       2.38      0.393   0.378794    686    690    631
687       0 17568005519286013800      0.714       2.46      0.372   0.399608    687    670    704
688     484  8858314864903383953      0.711       2.44      0.375   0.397300    688    673    695
689      56  6322696334779165441      0.708       2.37      0.390   0.409813    689    691    643
690     689  1055105730503008720      0.706       2.25      0.384   0.394138    690    711    665
691     580  3081233069045950778      0.703       2.29      0.386   0.380272    691    705    664
692     319  3433178466036288890      0.702       2.25      0.404   0.404524    692    710    563
693     320 12927060136152873738      0.698       2.32      0.399   0.423378    693    699    589
694     218 17499917311871227541      0.695       2.31      0.369   0.426018    694    701    711
695     316  2045208800596436464      0.694       2.19      0.399   0.425725    695    719    598
696      26  6581815003822107391      0.692       2.04      0.373   0.391560    696    737    701
697     229  2316597687843380248      0.690       2.35      0.366   0.421239    697    695    714
698     585    91799173138284790      0.690       2.31      0.374   0.404937    698    702    700
699     592  7139613958247196362      0.685       2.34      0.382   0.382575    699    696    672
700     404 12017802525687268740      0.684       2.41      0.377   0.399506    700    684    691
701     487 13169761570397379402      0.678       2.14      0.405   0.432794    701    724    550
702     431  4456361283816942571      0.677       2.33      0.381   0.433354    702    697    676
703     601 13312930406194931261      0.676       2.78      0.319   0.444117    703    571    749
704     534 12054353799889697034      0.674       2.24      0.399   0.388143    704    713    593
705     294 14313914111651152210      0.672       2.31      0.389   0.411117    705    703    649
706     350  4454103457229226781      0.668       2.22      0.380   0.436453    706    716    682
707     394  4814752485039879742      0.661       2.18      0.376   0.411225    707    721    694
708     189  6414501530786040218      0.653       2.50      0.336   0.431382    708    661    742
709     134 13589432367138159914      0.649       2.11      0.384   0.407947    709    729    670
710     437  3140685901390733503      0.646       2.10      0.391   0.421708    710    731    639
711     247  9376864656323251048      0.640       2.15      0.381   0.396740    711    722    680
712     387  8975903887685520169      0.639       2.22      0.353   0.429659    712    715    731
713     747  8093221024079523571      0.634       2.22      0.356   0.449014    713    714    726
714     589  2755939605678772822      0.632       2.42      0.325   0.406932    714    681    747
715     685 14681615227781716883      0.625       2.36      0.342   0.430979    715    694    740
716     588  8994507355723126344      0.622       2.12      0.395   0.395472    716    727    618
717     750   683593215192993679      0.620       2.19      0.350   0.447152    717    718    734
718     786 11669072978085326262      0.619       2.02      0.380   0.368796    718    738    684
719     331 12709428678519820794      0.610       2.11      0.382   0.385574    719    728    673
720     257 13819216941667338957      0.607       2.24      0.373   0.404882    720    712    703
721     171 12766001914402762824      0.605       2.18      0.354   0.405388    721    720    729
722      27  5775642857937836062      0.603       2.15      0.345   0.471426    722    723    736
723     435 17337417351186639071      0.603       2.28      0.358   0.427081    723    707    724
724     457  3637381863664068762      0.593       2.11      0.364   0.429289    724    730    717
725     115 14818363708898809892      0.593       2.14      0.352   0.407468    725    725    733
726     269 14491720076057361279      0.587       2.07      0.354   0.392201    726    733    728
727      54   117332688443665050      0.585       1.98      0.381   0.401018    727    743    677
728     227  5478729935797455809      0.583       2.05      0.352   0.433888    728    736    732
729      52  6050461937540733807      0.582       2.06      0.377   0.386654    729    735    689
730     381  4901735965086084294      0.581       2.00      0.363   0.422201    730    740    719
731     232  4442472302162990022      0.563       1.97      0.375   0.406162    731    747    696
732     376   251259944010150415      0.561       2.38      0.277   0.508037    732    689    767
733     632 13770366053999614298      0.560       1.98      0.369   0.416936    733    744    710
734     645 11298764315964360949      0.560       2.77      0.314   0.457175    734    575    754
735     167 11097487515157245521      0.557       1.94      0.353   0.441937    735    749    730
736     702 14289311299760950470      0.546       2.08      0.359   0.410212    736    732    723
737     769  9046500501457320738      0.539       2.36      0.303   0.444126    737    692    758
738     494  4226261343175000519      0.529       2.07      0.318   0.455535    738    734    752
739      84  4859717826742877516      0.528       2.42      0.294   0.453880    739    680    762
740     207  1593313270483997049      0.528       1.87      0.358   0.409190    740    754    725
741     208 17139617253954449277      0.525       1.96      0.348   0.445148    741    748    735
742     514  5333318991442446544      0.517       1.76      0.359   0.425911    742    757    722
743     706 11242575973632002280      0.515       1.83      0.361   0.400839    743    755    720
744     266 17350661073630350757      0.513       1.90      0.363   0.410030    744    752    718
745      65  7352694515232363064      0.511       2.32      0.296   0.451020    745    700    761
746     795 13696723461381254085      0.492       2.42      0.260   0.497598    746    682    774
747     409 11091683010570655415      0.484       2.01      0.334   0.429612    747    739    744
748     263 17694572072862362144      0.482       1.72      0.365   0.417703    748    761    716
749     760 11123557885654010309      0.466       1.75      0.343   0.444119    749    758    739
750     728  2903176464348225508      0.465       1.66      0.376   0.421354    750    764    692
751     771  8169795355846548396      0.462       1.67      0.335   0.439587    751    763    743
752     224 16555438639833158680      0.456       2.30      0.280   0.505800    752    704    764
753     252  4649432395208036466      0.439       1.65      0.327   0.453949    753    765    746
754     793 15055672409778594410      0.431       1.93      0.307   0.431595    754    750    756
755     749  3612822333649993395      0.427       1.79      0.355   0.419362    755    756    727
756      32  7470341982011407245      0.422       1.65      0.329   0.428320    756    766    745
757     455 15567642038561310690      0.419       1.99      0.261   0.474363    757    742    773
758     597 14281302888208516522      0.414       1.34      0.405   0.373839    758    776    551
759      34 16710125285188082108      0.411       1.98      0.265   0.477173    759    745    772
760     693 17493007619606900842      0.410       1.99      0.259   0.527191    760    741    775
761     477  7536585851162077942      0.388       1.50      0.318   0.462988    761    773    751
762     249 15439090924225505963      0.376       1.42      0.373   0.365640    762    775    702
763     321  6650320388846534471      0.363       1.32      0.343   0.441269    763    777    738
764     432   398140131133904929      0.357       2.13      0.256   0.459003    764    726    776
765     302 18170418584135918611      0.355       1.54      0.277   0.512157    765    772    766
766     583   848003557575214973      0.350       1.59      0.275   0.499731    766    770    768
767     310 15962757702694707033      0.349       1.90      0.239   0.691722    767    751    778
768     113  4230820412500114959      0.343       1.48      0.306   0.399368    768    774    757
769     562 13787977354184052771      0.338       1.89      0.267   0.491201    769    753    771
770     452 13722187379422933608      0.337       1.64      0.268   0.492337    770    767    770
771     285 14915235217978233043      0.319       1.73      0.247   0.496429    771    759    777
772     475  2506805256647737148      0.300       1.20      0.310   0.459686    772    782    755
773     185 13217751650991926906      0.294       1.24      0.293   0.465010    773    781    763
774     366 16931576099292101993      0.292       1.62      0.278   0.478673    774    769    765
775      53  7805386255285820938      0.286       1.17      0.302   0.461038    775    784    759
776     687   557884434496144956      0.272       1.05      0.318   0.435859    776    786    753
777     602 13204630989973744241      0.270       1.32      0.273   0.476360    777    778    769
778     458  2483579172025799429      0.253       1.69      0.180   0.561800    778    762    783
779     690 11744823555175730483      0.252       1.64      0.187   0.559861    779    768    782
780     299 11369716234639556352      0.234       1.97      0.144   0.788871    780    746    790
781     140  4653726255977615636      0.210       1.72      0.147   0.765941    781    760    789
782     445 16382734682503548658      0.200       1.05      0.223   0.541341    782    788    779
783     125  9358171881360946917      0.193       0.92      0.299   0.420424    783    792    760
784     411  9553339612768368985      0.177       1.29      0.157   0.561513    784    779    788
785     135  1402167769656062409      0.175       1.55      0.137   0.848119    785    771    792
786     486  4039873638047662966      0.173       1.26      0.163   0.617791    786    780    787
787     340 10059300210213685722      0.170       1.00      0.223   0.643241    787    789    780
788     526 11107079897963074050      0.148       0.99      0.175   0.582072    788    790    786
789     369 16146537198399972905      0.141       0.95      0.176   0.664669    789    791    784
790     497 18137105402097725713      0.123       0.83      0.175   0.557629    790    793    785
791     399 13040438158848806053      0.121       0.67      0.190   0.601624    791    796    781
792     150 16605986075171681514      0.106       1.19      0.103   0.712520    792    783    796
793     704   252316394115499867      0.085       1.05      0.133   6.051493    793    787    793
794     460  7597320226734533446      0.077       0.76      0.140   0.644966    794    795    791
795     408  3797041485664661291      0.067       1.11      0.085   2.693407    795    785    798
796     175 17968698495398783821      0.064       0.82      0.123   2.860552    796    794    794
797     603  9701410924382890467      0.051       0.60      0.103   1.866529    797    797    795
798     234  6014663367315786843      0.034       0.59      0.061   1.138512    798    798    799
799      70  4744693069029537810      0.028       0.31      0.098   0.676285    799    799    797
800     662 17908318806972983187      0.002       0.03      0.004   4.056075    800    800    800

--- Top 10 by mean VPT*duty ---
rank    idx             esn_seed     VxD_mn     VPT_mn    duty_mn
1       656  7934791766227647176     1.3928     3.8477     0.4573
2       591  8982357012682103037     1.3600     3.7653     0.4544
3       301  3079493423467196890     1.3013     3.5355     0.4672
4       166  7446619053544319530     1.2974     3.5936     0.4643
5        62  7177932529503219229     1.2877     3.5889     0.4621
6       288  6461037296157168862     1.2848     3.5404     0.4723
7       635 13435823681926491900     1.2759     3.4563     0.4535
8       610 10201570615112633806     1.2751     3.4982     0.4570
9       401 18405365351339599371     1.2732     3.5291     0.4697
10      794  4950050133777070656     1.2683     3.6409     0.4415

--- Top 10 by mean VPT ---
rank    idx             esn_seed     VxD_mn     VPT_mn    duty_mn
1       656  7934791766227647176     1.3928     3.8477     0.4573
2       591  8982357012682103037     1.3600     3.7653     0.4544
3       794  4950050133777070656     1.2683     3.6409     0.4415
4        63  1696850237745360670     1.2483     3.6088     0.4429
5       166  7446619053544319530     1.2974     3.5936     0.4643
6        62  7177932529503219229     1.2877     3.5889     0.4621
7       503 10253254895481126005     1.2361     3.5606     0.4421
8       541   758712030103328587     1.2256     3.5557     0.4587
9       524 10402359954153541494     1.2401     3.5527     0.4460
10      521  8585937902693122814     1.2493     3.5481     0.4631

--- Top 10 by mean duty ---
rank    idx             esn_seed     VxD_mn     VPT_mn    duty_mn
1       254 15886750120299046464     1.2539     3.3063     0.4800
2       617 16334572903455184609     1.1680     3.2629     0.4772
3       696 15075519048733393169     1.2076     3.2833     0.4762
4       692   938258227231889449     1.2450     3.4588     0.4757
5       314 18235960694024879109     1.2635     3.4665     0.4753
6       792 17290233802289316557     1.1929     3.2995     0.4749
7       550  2056973521126668886     1.2074     3.2833     0.4741
8       719  4944595549670057741     1.2030     3.2906     0.4727
9       288  6461037296157168862     1.2848     3.5404     0.4723
10      250  6127913292760207042     1.1217     3.1779     0.4722

Cherry-pick: use esn_seed from the tables above with Train / OrbitSweep / FreeRun (same dim/M/dynamics). Weights were not saved here.
