
========================================================================
=== ParallelSeedSweep final report (top-10% freerun means) ===
========================================================================
DIM=10  M=2  num_seeds=800  threads=16  epochs=300  freerun_runs=1000
base_esn_seed=1002999015000000000  base_orbit_seed=9333312947715283458
ok=800 / 800

--- All seeds (sorted by mean VPT*duty) ---
note: VxD_mn is mean of top-10% (VPT*duty) products, not VPT_mn*duty_mn (top-10% pools are independent per metric).
rank    idx             esn_seed     VxD_mn     VPT_mn    duty_mn    RMSE_mn  r_VxD  r_VPT r_duty
1        92  4112530987988204306      1.274       3.52      0.470   0.420848      1      3      2
2       591  8982357012682103037      1.270       3.66      0.446   0.418292      2      1     64
3       390 15208094364242385359      1.268       3.64      0.436   0.422712      3      2    140
4       102  1814698889505195029      1.256       3.42      0.444   0.417073      4     15     77
5        62  7177932529503219229      1.237       3.45      0.463   0.423582      5      8      7
6       656  7934791766227647176      1.236       3.52      0.452   0.423344      6      4     30
7       531 17180349175808754359      1.224       3.42      0.464   0.421384      7     12      4
8       792 17290233802289316557      1.208       3.32      0.463   0.423187      8     45      6
9       193  1934213336504735520      1.205       3.49      0.449   0.423231      9      5     41
10      486  4039873638047662966      1.203       3.31      0.460   0.422664     10     51     14
11      139  4339718421267049102      1.192       3.42      0.449   0.420738     11     13     40
12      503 10253254895481126005      1.186       3.44      0.420   0.420356     12      9    286
13      577  7861893771847890690      1.184       3.34      0.447   0.416622     13     37     50
14      153  3087023548853614822      1.183       3.35      0.435   0.413045     14     32    150
15      710 10654561239794450141      1.182       3.42      0.429   0.421061     15     14    198
16      190 14654206641214420433      1.178       3.39      0.440   0.419349     16     20    106
17      117 10907692223483096950      1.176       3.48      0.423   0.400759     17      7    259
18      615  9535208030815745074      1.175       3.27      0.452   0.421101     18     66     31
19      559 13660429474672275760      1.172       3.29      0.441   0.423962     19     60     93
20        9 13265426551472630865      1.170       3.19      0.449   0.425416     20    136     43
21       64  8370544324519749614      1.168       3.31      0.440   0.422117     21     48    104
22      776 14831794971818819797      1.168       3.36      0.435   0.417125     22     28    146
23      647  3835149948587744457      1.165       3.43      0.399   0.425900     23     10    515
24      762  3520645435959983227      1.164       3.17      0.453   0.413551     24    155     26
25      754  3044325672790866220      1.163       3.21      0.441   0.421219     25    114     97
26      793 15055672409778594410      1.163       3.38      0.441   0.409897     26     22    101
27      470   900085639507806285      1.163       3.38      0.433   0.411536     27     23    165
28       74 16524137892421967850      1.161       3.33      0.428   0.418023     28     41    211
29       89 15277244316785691522      1.161       3.49      0.458   0.414981     29      6     18
30      201 17606392660029804566      1.157       3.38      0.429   0.422034     30     25    209
31      668 14604825411508779318      1.155       3.21      0.476   0.419611     31    119      1
32      729 13129376564932461054      1.154       3.34      0.455   0.414988     32     35     21
33      692   938258227231889449      1.154       3.39      0.440   0.416288     33     19    105
34      364  3799821911787280639      1.152       3.37      0.435   0.425985     34     27    147
35       35 11785351815653675194      1.151       3.38      0.438   0.425787     35     24    122
36      528  1844112079097078281      1.150       3.40      0.447   0.426290     36     18     59
37      565  3745255837981709705      1.147       3.22      0.455   0.420428     37    109     23
38      794  4950050133777070656      1.147       3.38      0.430   0.426345     38     26    191
39      308 18378382162245915791      1.147       3.32      0.441   0.418391     39     47    102
40       63  1696850237745360670      1.147       3.36      0.434   0.424576     40     29    152
41      248 14976414781522632523      1.145       3.35      0.420   0.423368     41     33    288
42      509  8177263334548785538      1.144       3.38      0.435   0.426255     42     21    143
43      791  6850581541679997683      1.144       3.27      0.435   0.415556     43     70    148
44      774  2234612559048934080      1.144       3.41      0.420   0.426380     44     17    290
45       19  5794408322784501650      1.142       3.41      0.436   0.427233     45     16    131
46      204  7155349703358211036      1.141       3.28      0.464   0.425882     46     62      5
47      226 17166279874614736005      1.141       3.25      0.458   0.421681     47     84     16
48        3 17306671139263608454      1.140       3.26      0.453   0.407694     48     80     27
49      466 10448911655312873147      1.138       3.27      0.442   0.414559     49     67     90
50       55   434143159729980091      1.138       3.26      0.419   0.427170     50     78    299
51      421  5950387873392747826      1.137       3.27      0.446   0.424180     51     72     62
52      636  6653254712676953424      1.136       3.24      0.447   0.423657     52     90     52
53      524 10402359954153541494      1.136       3.36      0.428   0.426662     53     30    212
54      658 16948909755943119159      1.136       3.19      0.458   0.421670     54    138     17
55      188  5330595307729750981      1.134       3.43      0.414   0.409022     55     11    351
56      447  8843851856875942054      1.134       3.25      0.438   0.423634     56     89    117
57      708 14884963152919897189      1.133       3.33      0.448   0.426981     57     42     49
58      419  8371646521006583681      1.132       3.29      0.413   0.424107     58     57    362
59      536  5840511457122003325      1.132       3.32      0.440   0.424226     59     44    103
60      360 13233193657990621209      1.131       3.33      0.444   0.424962     60     40     82
61      713 16204465698469000359      1.128       3.34      0.427   0.420171     61     34    223
62      137 13772357656572001816      1.127       3.23      0.445   0.421674     62     94     72
63      714 13782715406986460949      1.126       3.26      0.462   0.427692     63     76     10
64       86  1826540127586587226      1.124       3.15      0.434   0.416704     64    184    156
65      671  4704684974054747738      1.124       3.20      0.462   0.421371     65    124     11
66      736  4607093582404268894      1.121       3.22      0.441   0.426682     66    107     98
67      378 16494960894308859594      1.121       3.36      0.423   0.412172     67     31    260
68      719  4944595549670057741      1.121       3.34      0.448   0.425494     68     36     45
69      672 13562744323174204122      1.120       3.21      0.442   0.424948     69    120     89
70      239 18304654272684026217      1.119       3.22      0.444   0.416641     70    110     80
71      214  8927680972127330078      1.117       3.12      0.454   0.423022     71    224     25
72      554  9135605195341761869      1.117       3.21      0.438   0.411225     72    115    119
73      758  8371595388205647642      1.117       3.29      0.438   0.421068     73     61    121
74      142 13760744952380554230      1.116       3.20      0.425   0.425790     74    135    241
75      663 12867917538253474736      1.116       3.25      0.430   0.409334     75     87    195
76      339  2500027868330265707      1.115       3.15      0.454   0.424884     76    186     24
77        8  5805958870133268815      1.115       3.18      0.445   0.420200     77    145     74
78      271 17371714945230936257      1.112       3.19      0.442   0.417914     78    137     88
79      638  7402687443291865713      1.112       3.31      0.418   0.427057     79     49    309
80      796  8078643105265855797      1.112       3.18      0.433   0.426097     80    150    170
81       41  9900506342981259096      1.111       3.30      0.430   0.415965     81     56    189
82      327  5999898426424885577      1.111       3.21      0.433   0.403284     82    116    167
83      696 15075519048733393169      1.109       3.12      0.462   0.424305     83    229     12
84      600  6183757751925746490      1.109       3.16      0.437   0.420269     84    165    125
85      109  2992651900257042312      1.108       3.33      0.439   0.425011     85     39    113
86      280   546837647831782935      1.108       3.23      0.435   0.426009     86     97    142
87      657 15806710405114863993      1.107       3.20      0.463   0.412723     87    129      8
88      496  9759927329523687160      1.107       3.26      0.391   0.423702     88     77    574
89       83  4220362218700801006      1.107       3.09      0.443   0.422894     89    260     83
90      438 16327506298630702233      1.106       3.16      0.465   0.423160     90    181      3
91      711  3220470616941525546      1.105       3.27      0.413   0.428127     91     75    375
92      742  5509621597049145229      1.105       3.16      0.441   0.422125     92    176     99
93      278 16460665835158294463      1.105       3.23      0.434   0.421814     93     96    155
94      535  2685137413602816076      1.104       3.29      0.431   0.420210     94     58    183
95      621  5991612728625767525      1.104       3.30      0.413   0.426528     95     55    366
96      731  4097691284344713429      1.103       3.28      0.424   0.420354     96     64    250
97       17 13769974450290969021      1.103       3.13      0.448   0.423829     97    211     47
98      256  3918569042304629133      1.103       3.22      0.428   0.426130     98     99    214
99       29  7884084952579709257      1.102       3.20      0.453   0.411079     99    132     29
100     695  8730370411158964578      1.101       3.20      0.439   0.418402    100    134    109
101     552 14474017133760541748      1.101       3.21      0.438   0.423639    101    117    120
102     617 16334572903455184609      1.099       3.22      0.413   0.429851    102     98    364
103      71  6503977554593644180      1.098       3.28      0.440   0.425978    103     63    107
104     646  5202784630985872391      1.098       3.20      0.445   0.410752    104    123     70
105     277   242463388547793790      1.097       3.26      0.421   0.426376    105     83    276
106     304  8437987461820599503      1.097       3.30      0.426   0.426716    106     54    232
107     586 10728941009968557668      1.097       3.14      0.447   0.416999    107    193     54
108     698  5125114749958504320      1.097       3.11      0.459   0.422532    108    238     15
109     575 10497635132056093840      1.096       3.26      0.420   0.424659    109     81    282
110      15 13525792340985291652      1.096       3.27      0.436   0.413159    110     69    135
111      85  7976539648295913851      1.096       3.13      0.414   0.407093    111    210    352
112     426  9575079974366745983      1.094       3.22      0.452   0.421192    112    104     32
113     578 11508760805728138772      1.094       3.18      0.442   0.425056    113    148     86
114     541   758712030103328587      1.092       3.30      0.421   0.423362    114     52    272
115      87  1301153329266374101      1.092       3.22      0.436   0.423787    115    108    132
116     165 17678071345621015662      1.092       3.30      0.433   0.421340    116     53    163
117     448  8960058607387509366      1.092       3.27      0.432   0.425329    117     74    174
118     403  1604231934817132780      1.091       3.21      0.431   0.418098    118    122    180
119     368  9175410075361841188      1.091       3.18      0.444   0.423166    119    152     78
120     143 18445856719646111938      1.089       3.08      0.447   0.418931    120    277     53
121     476 17579399301286970293      1.089       3.16      0.438   0.423081    121    179    118
122     510  7517724635357604682      1.089       3.16      0.456   0.421022    122    172     20
123     255  6517814790655564361      1.088       3.21      0.425   0.425567    123    121    237
124     610 10201570615112633806      1.088       3.22      0.447   0.419019    124    111     51
125     385  9763218741557428867      1.087       3.33      0.421   0.427590    125     43    279
126     301  3079493423467196890      1.085       3.14      0.424   0.424305    126    189    252
127       4  1296734873149627592      1.085       3.11      0.439   0.423628    127    246    111
128     108 16216778157713721617      1.085       3.11      0.450   0.419031    128    239     37
129     373 11958826070709494401      1.084       3.13      0.444   0.424696    129    214     79
130     412  6755803033490384922      1.084       3.16      0.448   0.425271    130    170     46
131     401 18405365351339599371      1.082       3.20      0.447   0.421603    131    128     58
132     293 12972407724341297256      1.082       3.21      0.436   0.427259    132    112    139
133     790 17840063979956826232      1.081       3.21      0.413   0.422296    133    113    370
134     386 13819810541996932097      1.079       3.21      0.414   0.410705    134    118    355
135     666 15819987999899501331      1.079       3.11      0.463   0.422969    135    231      9
136     491  8956202093370491945      1.079       3.24      0.451   0.412959    136     92     36
137     349 16478396785289300648      1.079       3.26      0.421   0.403015    137     79    274
138     461   329743815502486694      1.079       3.10      0.433   0.416770    138    250    162
139     158 16659754858292628237      1.077       3.12      0.442   0.415805    139    228     91
140     454  3025295971956058150      1.077       3.09      0.448   0.425521    140    258     48
141     525  2087325332152415505      1.076       3.34      0.422   0.424928    141     38    265
142     213  3735287202023902561      1.076       3.20      0.430   0.428485    142    130    194
143      14 15058662412242877013      1.076       3.29      0.424   0.420786    143     59    254
144     751 18250576076480374158      1.076       3.11      0.436   0.400550    144    236    133
145     622  4723812418940669644      1.076       3.25      0.415   0.426724    145     86    336
146     631 10826093419149409754      1.075       3.31      0.401   0.429684    146     50    488
147     176   168508057548871666      1.075       3.16      0.434   0.422652    147    166    157
148     721  1913043352964877144      1.074       3.13      0.457   0.425443    148    213     19
149     799  1468347256711339872      1.074       3.17      0.427   0.428365    149    154    224
150     292 11643981733133678207      1.074       3.14      0.437   0.422122    150    200    126
151     318   195788006902685462      1.073       3.16      0.445   0.424591    151    173     68
152     619  7877435493411691978      1.072       3.06      0.440   0.424001    152    296    108
153     479 16007167625615484964      1.070       3.12      0.445   0.424987    153    217     76
154     164   470108718841627811      1.070       3.18      0.427   0.422185    154    151    220
155     471  8167622162331937927      1.069       3.16      0.447   0.420337    155    180     60
156     523 14476525700860995976      1.068       3.16      0.442   0.417464    156    167     85
157     673 11951320906347421245      1.068       3.12      0.436   0.428435    157    215    138
158     279 15327969273908904494      1.068       3.23      0.439   0.424681    158     93    114
159     676 11429901419443757718      1.067       3.22      0.421   0.408685    159    100    278
160     595 14492950121814913990      1.067       3.26      0.438   0.425405    160     82    123
161     179  7886480911456533748      1.066       3.27      0.421   0.425832    161     71    280
162     700 15553852613422231338      1.066       3.32      0.420   0.425031    162     46    293
163     415  5031521178429519789      1.066       3.12      0.426   0.425532    163    220    230
164     215  9419813872687931456      1.066       3.13      0.432   0.426556    164    201    178
165     635 13435823681926491900      1.065       3.22      0.422   0.423987    165    101    269
166     323 11676021276890267234      1.065       3.03      0.443   0.425122    166    335     84
167     262 11555333072972940765      1.065       3.17      0.428   0.427650    167    159    216
168     245  7018694377089862936      1.065       3.18      0.447   0.418464    168    147     56
169     354  1314342829607705822      1.065       3.24      0.402   0.425722    169     91    479
170       1 14161001486989760588      1.064       3.19      0.402   0.428323    170    141    473
171     345  7743472565254340369      1.064       3.28      0.410   0.422624    171     65    400
172     212 13001334887217455578      1.064       3.25      0.419   0.426710    172     88    297
173     146  4187774267746450188      1.064       3.03      0.447   0.422093    173    339     57
174     724  5187505823651997311      1.063       3.13      0.450   0.423832    174    205     38
175     433 13146732751364263888      1.063       3.16      0.420   0.424653    175    175    283
176     472 12448695259486466294      1.063       3.12      0.450   0.423090    176    226     39
177     726 17675832303707727604      1.063       3.22      0.404   0.425012    177    106    455
178      10 18194112789760262022      1.063       3.16      0.422   0.410506    178    168    271
179     582 12455552568941260104      1.063       3.15      0.420   0.428872    179    182    289
180     444 17738612181955290250      1.063       3.23      0.429   0.421381    180     95    201
181     361 17374128420503625720      1.062       3.17      0.429   0.428345    181    160    205
182      42 15444161686625453692      1.062       3.19      0.431   0.423064    182    142    185
183     521  8585937902693122814      1.060       3.17      0.449   0.422750    183    163     42
184     501 14856982561207584012      1.060       3.07      0.427   0.423010    184    293    221
185     141 10170285745480955527      1.060       3.05      0.442   0.422766    185    310     92
186     297  1508652764589495505      1.060       3.25      0.413   0.428282    186     85    361
187     743 12609283919093229310      1.059       3.15      0.434   0.421687    187    183    160
188     161 14320832516445064591      1.059       3.17      0.416   0.425023    188    153    330
189     196  2157256561249495857      1.059       3.22      0.407   0.430471    189    103    424
190      20  6648783437061348536      1.059       3.17      0.410   0.386361    190    158    407
191     303  4633373384697573874      1.058       3.14      0.425   0.407943    191    198    246
192     576 15517478937733963612      1.058       3.27      0.435   0.427352    192     68    145
193     732  8996600883823119658      1.058       3.16      0.414   0.427401    193    178    349
194     382 14302172162556147445      1.056       3.09      0.425   0.419726    194    265    240
195      12 15854386092367339346      1.056       3.16      0.416   0.405150    195    169    334
196     567 10533844300617944104      1.056       3.10      0.446   0.423973    196    252     65
197     746  3087680617109673986      1.056       3.10      0.419   0.418636    197    254    305
198      80 14793822456511150436      1.055       3.13      0.434   0.425205    198    208    161
199     127 12338926389363267165      1.055       3.18      0.435   0.417333    199    143    151
200      57 17767764731956844073      1.055       3.14      0.419   0.422502    200    199    304
201      22  5926076389761409934      1.054       3.07      0.425   0.416749    201    292    242
202      45 15090815952120869743      1.054       3.12      0.429   0.422018    202    218    204
203     748  9516422334363827380      1.054       3.17      0.431   0.421490    203    164    188
204     155  4482106480076547361      1.054       3.16      0.413   0.422219    204    171    367
205     346 13010239872886424495      1.053       3.04      0.437   0.383615    205    324    128
206     133  3001008323528769965      1.053       3.06      0.410   0.411010    206    305    399
207     416 17180913970882921978      1.052       3.22      0.419   0.422172    207    102    295
208     338 16798513512698838986      1.052       3.20      0.412   0.428327    208    133    379
209     210  4241674426350903029      1.051       3.17      0.431   0.419300    209    161    181
210     154  2359805776836175054      1.050       3.14      0.422   0.428340    210    196    268
211     529 18188267400078704734      1.050       3.12      0.419   0.429478    211    223    303
212     630 17041023033665752673      1.050       3.09      0.402   0.409081    212    268    484
213     180 10819927221092723337      1.049       3.14      0.417   0.427168    213    191    318
214     538  4199632759614381090      1.048       3.11      0.415   0.368565    214    235    344
215     744 16767423589951350324      1.047       3.07      0.427   0.428207    215    294    225
216     392 13064733877990093673      1.046       3.27      0.407   0.419338    216     73    428
217     766 16861227721867454948      1.045       3.20      0.390   0.430589    217    131    581
218      11 17183871877105666801      1.045       3.09      0.407   0.421550    218    267    422
219     465  6629900988025847527      1.045       3.12      0.423   0.410945    219    216    258
220     451 11108150664209214610      1.044       3.19      0.387   0.410457    220    139    607
221      43 17232890835670202906      1.043       3.18      0.374   0.430575    221    146    680
222     533 11568142620312333309      1.043       3.12      0.441   0.424706    222    222     95
223      61 11915258333378050952      1.042       3.19      0.417   0.427403    223    140    316
224      79 13855727669952034446      1.042       3.02      0.431   0.426502    224    344    184
225     500 18088879189176546373      1.042       3.11      0.402   0.396229    225    237    480
226      94  7544318866884135569      1.041       3.18      0.413   0.420098    226    149    365
227     311  6215607291422449651      1.040       3.13      0.403   0.415725    227    204    460
228     128  8828536939790331433      1.040       3.13      0.425   0.411953    228    212    247
229     295  3749843119342785247      1.040       3.06      0.424   0.423898    229    304    255
230     291  2290475673156423231      1.039       3.03      0.432   0.427615    230    340    177
231     478 16234739662377920526      1.038       3.16      0.398   0.427423    231    174    525
232     780 13601108812215295874      1.037       3.05      0.451   0.423050    232    309     35
233     564 14870118010545403275      1.036       3.11      0.429   0.421971    233    232    206
234     342 17499857015971480235      1.036       3.15      0.417   0.425693    234    188    319
235     222 17152358511065608057      1.036       3.20      0.415   0.423669    235    125    335
236     425  9700141017269143566      1.036       3.05      0.404   0.372383    236    312    452
237     730  7452297661755061350      1.033       3.11      0.411   0.431345    237    240    396
238     493 13967431721778999859      1.033       3.01      0.428   0.416265    238    356    210
239     389 16016028001340388367      1.032       3.08      0.419   0.425968    239    287    302
240     328 14109289180622874763      1.032       3.08      0.428   0.428526    240    279    217
241     715   696634088797950509      1.031       3.15      0.412   0.430150    241    185    382
242     651 17648263721281082070      1.031       3.01      0.427   0.426856    242    364    219
243     761  3941504015667899953      1.031       3.12      0.401   0.422141    243    225    492
244     495  4731247987008277517      1.031       3.09      0.434   0.425737    244    263    158
245     737  7941437901740015324      1.030       3.00      0.442   0.424551    245    374     87
246     455 15567642038561310690      1.030       2.93      0.446   0.425204    246    456     63
247      49  3525181187776282391      1.029       3.10      0.429   0.427858    247    256    196
248     402  4833447179671716719      1.029       3.13      0.412   0.420477    248    202    386
249     499  6504489097291596821      1.028       3.08      0.414   0.425421    249    283    354
250     543  7742186448588896457      1.028       3.17      0.429   0.424842    250    162    197
251     550  2056973521126668886      1.028       3.11      0.416   0.431205    251    242    326
252     643 14993070696913228201      1.028       3.09      0.437   0.426918    252    266    129
253     532 14633070693533867896      1.028       3.01      0.436   0.424334    253    361    134
254     177  3728927102710849678      1.027       3.20      0.400   0.429786    254    126    507
255      93  5317305358098383147      1.027       3.05      0.400   0.428208    255    313    498
256     517 16871014015511640795      1.026       3.15      0.401   0.424683    256    187    493
257     130 10903823995394270069      1.025       3.08      0.414   0.411722    257    275    356
258     568 11848321128349689428      1.025       3.08      0.415   0.426003    258    286    339
259     574  8042841377871681452      1.025       3.20      0.416   0.419419    259    127    328
260     288  6461037296157168862      1.024       3.11      0.445   0.428452    260    234     73
261     253  9795616806846393638      1.024       3.13      0.400   0.419914    261    209    512
262     498 13433985302971783278      1.024       3.00      0.437   0.424014    262    373    124
263     225 14188305728109360904      1.024       2.93      0.421   0.387188    263    452    275
264     202  6657314609255573656      1.023       3.07      0.435   0.426923    264    295    141
265     131  8855471325880389449      1.023       2.98      0.445   0.414084    265    400     71
266      21  1666714844121237768      1.023       3.01      0.431   0.422202    266    371    179
267     351 12513174040884233909      1.022       3.04      0.416   0.405387    267    327    323
268     482 17898855242919789465      1.021       3.14      0.426   0.414603    268    195    227
269     333 13878916280738454865      1.020       3.11      0.421   0.428940    269    233    277
270     490  6106937979961009098      1.020       3.18      0.380   0.428009    270    144    649
271     254 15886750120299046464      1.019       2.97      0.444   0.421342    271    406     81
272     424 17717349217495225269      1.018       3.10      0.441   0.423244    272    253    100
273     598  8407020382269755332      1.018       2.90      0.433   0.417273    273    479    171
274     753 10660019614269331060      1.018       3.03      0.432   0.427121    274    334    176
275     446 17731216253737145015      1.018       2.97      0.420   0.379110    275    404    291
276     178   613590340683033233      1.018       3.10      0.416   0.426526    276    255    333
277     145  9025652768925358328      1.018       2.99      0.431   0.414048    277    384    187
278     468  8880062694097621529      1.017       3.09      0.414   0.427938    278    262    350
279     417  6002922634023412293      1.017       2.95      0.420   0.412742    279    417    281
280     355 13825987737720616704      1.017       3.06      0.433   0.428686    280    298    166
281     633  1513903589643506756      1.017       3.07      0.416   0.418030    281    288    325
282     551  7312411610710822227      1.017       3.11      0.419   0.422668    282    241    296
283     612 15482898165984092313      1.016       3.00      0.417   0.419955    283    377    312
284     590  5217034622416120740      1.016       3.04      0.414   0.427392    284    331    348
285     781  5642169608858585907      1.016       3.05      0.417   0.422625    285    317    315
286     463  4927414089309372580      1.016       3.22      0.395   0.432541    286    105    551
287     314 18235960694024879109      1.015       3.01      0.433   0.423407    287    360    164
288     365  5059790170102402423      1.014       3.06      0.439   0.413811    288    306    115
289     502 14016487160407100454      1.014       3.14      0.401   0.413859    289    197    486
290     441  8117607209248345740      1.013       3.14      0.424   0.397790    290    194    256
291     581   289550932053935094      1.013       3.01      0.439   0.403717    291    353    110
292     440 11194974715698840413      1.012       2.93      0.431   0.421557    292    455    186
293     105  4336298447335178696      1.012       3.10      0.434   0.422615    293    257    159
294     296 17396689367158082273      1.011       3.06      0.430   0.427205    294    307    193
295     260  9629620998448138254      1.011       3.10      0.402   0.420686    295    251    481
296     111 14792990456410953052      1.009       3.04      0.376   0.407749    296    329    669
297     549 15079975640603413742      1.008       2.99      0.425   0.424769    297    393    245
298     650 10083395476654627692      1.007       3.02      0.434   0.416289    298    347    154
299       6  8012867602636177041      1.007       3.12      0.416   0.400906    299    221    332
300     570 16011679149051188383      1.007       3.05      0.419   0.422278    300    318    294
301      91 10645298449229141243      1.006       3.09      0.418   0.421595    301    270    306
302     741 12588140063378294204      1.006       3.08      0.411   0.425164    302    280    391
303     151  5242343936932492164      1.006       2.96      0.404   0.430771    303    407    447
304     779  9565537796904823742      1.005       3.17      0.414   0.414799    304    157    359
305     388 15950734809779532869      1.005       3.13      0.401   0.425478    305    203    496
306     469 12911231800197301841      1.004       2.98      0.429   0.427246    306    399    199
307     276  6722263477670844183      1.004       3.02      0.387   0.414654    307    346    606
308     722 16230652217437670336      1.004       3.01      0.391   0.416815    308    355    576
309     712  5713268479179544721      1.004       2.91      0.441   0.425448    309    468     96
310      31 14945471647392039681      1.004       3.01      0.426   0.427193    310    368    231
311     738  8543090304789037507      1.004       3.02      0.422   0.431338    311    342    266
312     114  8069370715269633662      1.003       3.01      0.410   0.426750    312    363    406
313      77 16955438889332678352      1.003       3.10      0.413   0.419799    313    248    372
314     174 15646264522418620364      1.003       3.09      0.445   0.421326    314    264     69
315     614  9687512567876331238      1.003       3.07      0.406   0.410925    315    290    437
316     680 15985607372927318921      1.003       3.11      0.383   0.429618    316    243    635
317     548 14612242496217648679      1.003       3.10      0.416   0.428228    317    249    327
318     709  6963774647319908809      1.002       3.11      0.408   0.416783    318    245    419
319     371   185720955095589134      1.002       3.03      0.402   0.423890    319    338    475
320      59  3053078498536169646      1.002       3.04      0.408   0.424361    320    323    418
321      81 12805779382161377842      1.001       3.17      0.415   0.417535    321    156    337
322     240  8818495029644738851      1.001       3.08      0.403   0.422740    322    285    466
323     221 16437287177099178506      1.001       2.98      0.424   0.421719    323    397    249
324     563  3099993406977908975      1.001       2.84      0.429   0.384762    324    522    207
325     664 18289918760812073264      1.000       3.06      0.409   0.422634    325    300    411
326     604 13044133615230558013      1.000       3.08      0.404   0.428764    326    272    446
327     238  2543969264063716837      1.000       3.05      0.429   0.417777    327    311    208
328     459  9175224538107414059      1.000       3.01      0.433   0.418668    328    357    169
329     250  6127913292760207042      0.999       3.05      0.439   0.427601    329    316    112
330     305 10234917759508886765      0.998       3.13      0.405   0.422433    330    207    441
331     110 15926764505928812913      0.997       2.98      0.432   0.426792    331    401    175
332     400  3669394865317059207      0.997       3.03      0.426   0.426324    332    336    229
333      39   329208213306211943      0.997       3.08      0.403   0.430798    333    276    459
334     783  9105407814512073881      0.997       2.99      0.426   0.417063    334    386    233
335     655  3196337500063102875      0.997       3.10      0.402   0.387513    335    247    477
336     413 13431275153296210878      0.996       2.92      0.435   0.422593    336    466    144
337     515  2942448965872931462      0.996       2.91      0.455   0.426958    337    467     22
338     341  7227191273297002235      0.996       3.08      0.396   0.428882    338    281    537
339     307  1423515048110217007      0.995       3.06      0.431   0.422720    339    297    182
340      90  3955736023440666143      0.995       2.97      0.436   0.424052    340    405    130
341     343  3809595899664814066      0.995       3.00      0.410   0.420754    341    372    405
342     100  5095071036978011624      0.994       3.07      0.408   0.426102    342    291    420
343      24  1285791014254414266      0.994       3.06      0.409   0.409802    343    303    413
344     242  7939082725371007074      0.993       2.87      0.434   0.420136    344    502    153
345     104 10562257859559728889      0.993       3.02      0.405   0.403590    345    352    439
346     265  9727351458753418011      0.993       3.14      0.425   0.420725    346    192    244
347     488 16155374517007311661      0.992       3.01      0.423   0.422207    347    365    261
348     183  5452174654853808946      0.991       2.92      0.417   0.425362    348    458    314
349     347 16717303972457208872      0.991       2.99      0.407   0.421374    349    383    429
350     669 11339571370171630375      0.991       3.08      0.430   0.424848    350    274    190
351     162  3519570824852639382      0.990       3.03      0.425   0.413645    351    341    243
352     432   398140131133904929      0.990       3.07      0.381   0.425277    352    289    646
353     152 15929983451427999447      0.990       3.04      0.432   0.420347    353    322    173
354     275  2513117902923309565      0.990       3.03      0.410   0.402452    354    333    403
355     187  1421305765415891951      0.990       3.04      0.427   0.419823    355    326    226
356     560  9426164090239980089      0.989       3.02      0.413   0.430331    356    343    371
357     101 13308841045154215395      0.989       3.03      0.406   0.397795    357    337    433
358     374  6223902085268162303      0.988       3.01      0.426   0.413383    358    358    228
359     103   592461664301088428      0.988       3.06      0.420   0.427348    359    301    287
360     216 13238109286791164793      0.987       3.02      0.410   0.429515    360    350    402
361     300 14878465646623800407      0.987       3.03      0.398   0.426483    361    332    528
362     660  7362099475143380281      0.987       2.94      0.437   0.426562    362    429    127
363     593   693126739203421740      0.987       3.02      0.400   0.424089    363    349    499
364     126  2633690831389363879      0.986       2.99      0.411   0.414944    364    387    387
365     678  2514251978143983325      0.986       3.04      0.407   0.414762    365    330    430
366     740  8049238997291177147      0.986       3.09      0.414   0.391921    366    271    357
367     507 16903177617840625325      0.985       3.12      0.383   0.425160    367    230    638
368     251  1912736020518664491      0.985       3.02      0.404   0.395903    368    345    457
369     244 17402954548797702716      0.983       3.04      0.400   0.421323    369    328    501
370     765 12679200786298713579      0.982       3.05      0.414   0.430674    370    319    358
371     464 14586084495035451277      0.982       2.99      0.400   0.427220    371    389    506
372     198  6189312329343224227      0.982       2.94      0.416   0.424979    372    426    331
373     699  6941884764013069193      0.982       3.08      0.393   0.428675    373    278    563
374     315  9812696557159545607      0.982       3.00      0.419   0.427086    374    375    298
375     773  2092366988958991749      0.981       2.95      0.419   0.423868    375    420    301
376     129  2732938694566299947      0.981       3.12      0.375   0.425802    376    227    679
377     720 10104290398794581432      0.981       2.91      0.461   0.426189    377    473     13
378      67 11261167612375464461      0.981       3.11      0.397   0.432354    378    244    533
379       7  6116232655979643578      0.981       3.05      0.402   0.429892    379    320    483
380     677 14906547368793198571      0.980       3.05      0.409   0.424107    380    308    414
381     579 13495382421257454326      0.980       2.93      0.398   0.424648    381    440    530
382     116 11664386099845861159      0.980       3.14      0.384   0.413444    382    190    627
383     273 11615385820683652101      0.979       2.94      0.423   0.426913    383    435    257
384       2  6029950979097221868      0.977       2.96      0.417   0.422542    384    412    311
385     775 13653240913506516526      0.975       3.08      0.413   0.419192    385    282    374
386     480 15968712439549896770      0.975       2.96      0.435   0.416850    386    408    149
387     648  8561673204128375787      0.974       2.92      0.428   0.428027    387    460    213
388      75 12812762298793681121      0.974       2.92      0.424   0.427614    388    462    251
389     168 16232207921421362774      0.973       2.92      0.445   0.417183    389    461     75
390     156  7646174053167182904      0.973       3.01      0.415   0.416339    390    362    346
391      50 10454815312731410020      0.972       2.91      0.436   0.427508    391    475    137
392     697 15252428091372868358      0.971       2.99      0.403   0.423028    392    394    467
393     613  2751265854683554772      0.970       2.91      0.415   0.430241    393    471    338
394     634  4298591502635449707      0.970       2.89      0.429   0.426803    394    486    203
395     375  1303114553420428294      0.970       3.09      0.375   0.425972    395    261    675
396     383  6499987172306447590      0.969       2.98      0.445   0.424305    396    398     66
397     123 11441976916924284640      0.968       2.96      0.412   0.411896    397    413    378
398     703  5291606515930983683      0.968       2.93      0.411   0.431185    398    444    398
399     268  5186135322947904502      0.967       2.93      0.447   0.425533    399    442     55
400     764 11578689765325901978      0.965       3.02      0.388   0.430668    400    348    605
401     163  8285716540875273768      0.965       3.09      0.389   0.426129    401    269    593
402     286  6918753220098153322      0.965       2.86      0.415   0.412420    402    509    345
403      51  2468526775943143813      0.965       3.04      0.410   0.428618    403    321    404
404     644 13721093152211515222      0.964       2.94      0.418   0.428902    404    436    307
405      98 14020678451309944397      0.962       2.87      0.412   0.416003    405    501    380
406     170  1291499090037908716      0.962       3.05      0.409   0.420801    406    315    412
407     274 18418785631099663775      0.961       2.84      0.439   0.404868    407    518    116
408     223  1689056607886250721      0.961       3.01      0.400   0.420860    408    370    502
409     518 12679107740558721880      0.961       2.94      0.429   0.428435    409    438    202
410     649  3041784998574398522      0.961       2.96      0.402   0.424283    410    415    470
411      97 18369061720777317885      0.960       2.69      0.428   0.363196    411    611    215
412     674  4936766045308459786      0.960       3.00      0.417   0.424548    412    378    313
413     735 13668695518941449557      0.959       2.95      0.404   0.407359    413    421    451
414     718 17722881365892181367      0.959       2.99      0.402   0.417464    414    391    478
415      68 13526631497262040408      0.958       2.96      0.379   0.429836    415    409    651
416     407 12812551406092992334      0.958       2.99      0.420   0.426068    416    395    285
417     483  6816120950265246365      0.958       2.94      0.424   0.423671    417    433    253
418     642  1829914849309832691      0.957       2.91      0.429   0.419995    418    478    200
419     512  4083348629481017353      0.957       2.95      0.390   0.429395    419    425    590
420     717  1142426169736972613      0.956       2.91      0.404   0.432011    420    469    456
421      73 12308346152530022127      0.956       3.01      0.395   0.416829    421    366    550
422     420 10361529680123186602      0.955       2.97      0.413   0.407649    422    402    369
423     429 11402311046008533590      0.955       2.93      0.415   0.415846    423    439    341
424     485  4855896198131430846      0.955       2.80      0.446   0.422737    424    552     61
425     423 12870276334936927531      0.955       2.93      0.425   0.370752    425    457    238
426     289 17634570015460857325      0.955       2.96      0.400   0.430198    426    411    510
427      58 11937860716788936190      0.954       3.01      0.403   0.424142    427    369    468
428      78  4197354360108088797      0.953       2.94      0.400   0.426534    428    434    503
429      28 13742762043756604541      0.953       2.94      0.419   0.396755    429    430    300
430     206    95985320769294551      0.952       2.99      0.401   0.393307    430    382    489
431     147  8960729633551773212      0.952       2.95      0.410   0.414007    431    418    408
432     380 11698721305156237182      0.952       2.94      0.412   0.424700    432    437    384
433     667 12185257358847237006      0.951       2.94      0.407   0.415728    433    431    427
434      96 15349800590381461523      0.949       2.91      0.424   0.430637    434    470    248
435     607  1586197099882879725      0.947       2.92      0.371   0.430686    435    459    689
436     508 11152384707842633589      0.947       2.93      0.420   0.408004    436    446    292
437     398   380596127885390494      0.947       2.93      0.400   0.430073    437    449    509
438     547  3170200108476785605      0.947       3.08      0.400   0.411584    438    284    505
439     107   752739322602311364      0.947       2.95      0.398   0.406781    439    422    526
440     449 11643310775639181507      0.946       2.99      0.406   0.412312    440    385    435
441      23 10265009700742074104      0.946       3.05      0.400   0.396295    441    314    511
442     329 12492302601686776932      0.945       2.99      0.372   0.428317    442    390    687
443     428 17465231729777426466      0.945       2.88      0.421   0.429267    443    497    273
444     246 12189248641553208560      0.944       2.90      0.385   0.429529    444    481    622
445     688 13954535963789187405      0.943       2.91      0.417   0.421313    445    472    320
446     132 12076898892837474840      0.943       3.00      0.404   0.420844    446    376    453
447     752  2840846034178266932      0.943       2.89      0.423   0.407890    447    485    263
448     626  5420590994017214844      0.943       3.01      0.392   0.431867    448    354    566
449     467 14666414596809459891      0.941       2.96      0.398   0.426657    449    414    524
450     144  8473984463870452061      0.941       3.00      0.374   0.411931    450    381    681
451     282 16774336351598620865      0.941       2.97      0.402   0.426928    451    403    471
452     462  5090305462744725437      0.941       2.98      0.401   0.431994    452    396    497
453     513 11171399372666619569      0.940       2.86      0.412   0.410426    453    505    385
454     414  1846788534960956884      0.940       2.93      0.403   0.402489    454    447    463
455     191 12107113151879388773      0.939       2.85      0.412   0.417011    455    511    381
456     442 17558855104426030487      0.939       2.82      0.395   0.427099    456    534    544
457     377 14438656339149682569      0.939       2.89      0.401   0.430103    457    484    487
458     798  9658106838814927662      0.939       2.95      0.394   0.427831    458    424    556
459     789 13378730251142644669      0.939       2.93      0.402   0.415372    459    450    474
460     767  2175971371729958429      0.938       2.93      0.404   0.425412    460    441    449
461     325 15658145604393104054      0.937       2.90      0.413   0.428295    461    480    368
462     539 12456643235862475786      0.937       3.00      0.390   0.423515    462    380    584
463     519 10472325089375337830      0.936       2.99      0.415   0.405489    463    388    343
464     230  1504124426335020128      0.936       3.09      0.406   0.411624    464    259    434
465     641 12347948927470663073      0.935       2.87      0.401   0.423950    465    499    495
466     546  2135193958309744286      0.934       2.93      0.409   0.397642    466    454    410
467     785 11166398225022227360      0.934       2.88      0.425   0.418173    467    498    234
468     542  6049113831830189953      0.934       3.06      0.378   0.411886    468    299    656
469     763 15080052123105960825      0.934       2.79      0.445   0.424218    469    555     67
470      99 15538890594687380863      0.934       2.86      0.414   0.386015    470    507    353
471     557 17828596084889937253      0.933       2.81      0.403   0.418813    471    546    461
472     264   442660731546360453      0.933       3.06      0.378   0.415273    472    302    655
473     443  3716849086812827326      0.933       2.82      0.400   0.424406    473    542    504
474     772 17895691614022313905      0.932       2.83      0.427   0.422242    474    533    222
475     106   182616783403342716      0.932       2.91      0.425   0.426907    475    474    236
476      38  5534473749044489660      0.931       2.83      0.384   0.412438    476    531    630
477     370  5630691022876844304      0.931       2.80      0.448   0.427349    477    554     44
478     136  2643365640810695369      0.931       3.02      0.398   0.431190    478    351    523
479     587  3260410758362556488      0.930       3.08      0.381   0.424241    479    273    644
480     326   275690289431049217      0.929       2.92      0.418   0.418870    480    465    308
481     782 13570888325567344061      0.928       2.88      0.417   0.430087    481    492    321
482      25    46459063979441405      0.927       2.75      0.427   0.424563    482    575    218
483     259  4957927887234473869      0.927       2.82      0.392   0.404880    483    536    569
484     290 15977653987584045061      0.925       2.87      0.383   0.423586    484    500    631
485     306  4306919082952425427      0.924       2.96      0.399   0.422231    485    410    519
486     281 12368037144861178713      0.923       2.95      0.415   0.409271    486    419    340
487     427    40603584865862957      0.922       2.79      0.416   0.377228    487    559    329
488     118  1792731516334516334      0.921       2.95      0.378   0.408598    488    423    657
489     727 10445469505670146767      0.920       2.93      0.423   0.426944    489    443    262
490     606   130242683499749238      0.920       2.83      0.405   0.425696    490    528    444
491     687   557884434496144956      0.919       2.83      0.390   0.411917    491    526    589
492     682 16238888985198430711      0.919       2.86      0.425   0.423558    492    506    235
493     258 15774825149971314864      0.918       2.84      0.405   0.414442    493    515    440
494      47  9428890870435157015      0.918       2.85      0.404   0.429725    494    512    450
495     203 16539714912793841124      0.917       2.78      0.412   0.408916    495    563    377
496     627 13867583315830744805      0.916       2.84      0.411   0.399947    496    523    395
497     436  2401040590099360568      0.916       2.69      0.453   0.426900    497    609     28
498     211 16071673280151135859      0.916       2.85      0.392   0.424865    498    510    564
499     625 12952734967670709627      0.915       2.81      0.399   0.392256    499    547    521
500      88 13233468016012363934      0.915       2.74      0.451   0.426566    500    591     33
501     555 10439011436082130201      0.915       2.89      0.395   0.428571    501    488    545
502     195 11683744515682750721      0.914       2.92      0.388   0.390550    502    463    600
503      72  7352100732312028239      0.914       2.91      0.389   0.374566    503    476    596
504     788  2656387068431148224      0.913       2.76      0.388   0.405074    504    573    601
505     594 17979447955111414668      0.912       2.78      0.430   0.421483    505    565    192
506      37 12330056954227718733      0.912       2.64      0.451   0.416006    506    631     34
507     675  6529245124602741217      0.912       2.85      0.422   0.428480    507    513    270
508     397  2096962672418366145      0.911       3.13      0.358   0.453001    508    206    717
509     148 16389607734708791255      0.910       2.84      0.396   0.427865    509    517    536
510     160  5732787310373729819      0.910       2.84      0.411   0.384330    510    516    393
511     317 10808061766690861439      0.910       2.94      0.389   0.437494    511    427    597
512     553  4977723351471827493      0.910       2.77      0.418   0.424986    512    569    310
513     540 16489026821595077681      0.909       2.85      0.392   0.432310    513    514    570
514     367  7125661688803620705      0.908       2.86      0.390   0.420810    514    503    591
515      60  3051833528260010008      0.907       2.93      0.395   0.382226    515    451    549
516     629 16061662657684038889      0.907       2.81      0.420   0.415658    516    544    284
517     270 12010886256046533178      0.906       2.82      0.399   0.434238    517    535    520
518     605  1926247088985652658      0.904       2.84      0.394   0.397894    518    520    558
519     716 10463253120673695261      0.904       2.93      0.395   0.421605    519    445    541
520     611 15600303968632707817      0.903       2.94      0.407   0.426728    520    428    425
521     220 16549788212299670302      0.902       2.89      0.415   0.408579    521    487    347
522     124 17974593674870156863      0.902       2.83      0.383   0.422488    522    527    636
523     652 12733178680179848645      0.902       2.92      0.395   0.411084    523    464    543
524     609  5387707513758226832      0.900       2.75      0.404   0.395348    524    581    445
525     759  2753219362205052851      0.900       2.83      0.390   0.414462    525    529    582
526     348  6869155468901618632      0.900       2.75      0.395   0.423516    526    579    548
527     181 10590513772884014918      0.900       2.84      0.404   0.428227    527    521    448
528     530  2315106706479276289      0.899       2.88      0.387   0.432330    528    491    612
529     618  7058139110303437402      0.898       2.81      0.425   0.425870    529    543    239
530     330 18212246886615535667      0.895       2.91      0.412   0.421217    530    477    376
531     205   902125696687054148      0.895       2.90      0.397   0.432584    531    482    535
532     172 12868265449019296226      0.895       2.76      0.412   0.418597    532    572    383
533     313  2238583206127098473      0.894       2.73      0.397   0.422372    533    594    531
534     665   166752522050933892      0.894       2.79      0.392   0.415111    534    560    572
535     261 11423010160557342379      0.893       2.79      0.375   0.425763    535    558    677
536     358  9613789996503107413      0.892       2.94      0.396   0.403283    536    432    538
537     701  3559542272600638010      0.892       2.86      0.406   0.418723    537    508    436
538     683  2024872461759772720      0.892       2.84      0.393   0.432037    538    519    560
539     620 10443435260549132942      0.891       2.77      0.367   0.423877    539    566    702
540     684  7768851203034496035      0.891       2.82      0.400   0.417866    540    540    500
541     405  6206058231097677387      0.891       2.74      0.391   0.424151    541    584    575
542      82 13664248832179905012      0.890       2.74      0.395   0.418834    542    582    540
543     353  5269540757710827256      0.889       2.82      0.394   0.421897    543    541    559
544     681 14856465442160898346      0.889       2.88      0.398   0.411764    544    490    529
545     298  2107433287863274158      0.887       2.76      0.374   0.427331    545    571    682
546     556 10373058565714294550      0.885       2.96      0.400   0.392296    546    416    513
547     679  6109517787553791943      0.885       2.83      0.394   0.397123    547    525    555
548     430  7366608914014941306      0.884       2.93      0.394   0.403837    548    448    557
549     332  2569248341961206526      0.884       2.74      0.403   0.425987    549    590    458
550     157 17703441207982851638      0.883       2.89      0.385   0.408062    550    489    626
551     756   508726977569388011      0.883       2.88      0.401   0.411036    551    493    490
552     149  1150085605795069707      0.882       2.80      0.403   0.407592    552    549    465
553     233 10468891361048897596      0.882       2.74      0.398   0.425068    553    588    527
554     659  3006993139530988239      0.881       2.80      0.405   0.428984    554    550    438
555     739 13569845649144036770      0.880       3.12      0.388   0.409620    555    219    603
556     778 13443655695388338029      0.879       2.69      0.423   0.376563    556    615    264
557      16  9089173799394744216      0.879       2.82      0.402   0.394723    557    537    482
558     194  2455541773647685846      0.879       2.77      0.414   0.395945    558    567    360
559      66  7923615642952227895      0.878       3.00      0.379   0.429353    559    379    652
560     173 10564424341959025887      0.877       2.79      0.384   0.419154    560    556    629
561     516  4116888903259105637      0.877       2.74      0.422   0.424084    561    592    267
562     199 14373584901767913077      0.877       2.76      0.399   0.423140    562    574    516
563     356 12897538353354175138      0.877       2.72      0.403   0.430832    563    596    462
564     769  9046500501457320738      0.877       2.81      0.381   0.425976    564    545    647
565     489  6437537154978876489      0.876       2.69      0.411   0.414928    565    616    390
566     186  7328183945765991518      0.876       2.79      0.405   0.430195    566    557    442
567     434  3760627458200031833      0.873       2.81      0.391   0.404662    567    548    579
568     686 13264557400945321804      0.873       2.93      0.386   0.422155    568    453    617
569     637 13270266748349343114      0.873       2.74      0.402   0.392763    569    585    472
570     691 10814104499589766187      0.872       2.82      0.398   0.398131    570    538    522
571     352 16355648167012265207      0.872       2.75      0.399   0.405559    571    576    514
572     272  9234625090493645376      0.871       2.80      0.395   0.418159    572    553    542
573     119  9101030710521199011      0.871       2.99      0.377   0.412993    573    392    660
574     640 18088544380830031292      0.870       3.01      0.346   0.461766    574    359    735
575     236 11519153298535641357      0.869       2.74      0.415   0.431089    575    586    342
576     217  8126696705283078055      0.868       2.72      0.416   0.389353    576    597    322
577     527  4784674197399741091      0.867       2.78      0.382   0.427058    577    562    641
578     391  3253350993962209784      0.866       2.74      0.408   0.426806    578    589    417
579     334 11102992484049775422      0.866       2.84      0.390   0.419017    579    524    585
580     755 10898530133147217012      0.866       2.75      0.391   0.425640    580    577    573
581     571 12703555106175267727      0.865       2.89      0.388   0.409301    581    483    602
582     453  1487714224002996563      0.864       2.78      0.436   0.421093    582    564    136
583     138  1594453451767666917      0.862       2.83      0.385   0.393908    583    532    624
584     337  7017760630171317055      0.862       2.72      0.401   0.423032    584    598    491
585      95  3179817266585202073      0.861       2.70      0.408   0.422968    585    608    416
586     359 13027179507162327729      0.860       2.69      0.392   0.401769    586    614    567
587     545   220937258851906558      0.858       2.66      0.402   0.426337    587    623    476
588     573  5170120031488036940      0.858       2.75      0.391   0.414436    588    580    577
589     473  3602812250261070869      0.856       2.73      0.387   0.424223    589    595    614
590     628  8630542718720220731      0.854       2.75      0.375   0.421162    590    578    676
591      76  2843823541233538331      0.853       2.66      0.411   0.407227    591    625    389
592     734  6578846661297977173      0.853       2.77      0.380   0.425793    592    570    648
593     608 18430847528903004078      0.852       2.63      0.411   0.416447    593    635    397
594      48 16294508284790876628      0.852       2.78      0.407   0.386430    594    561    426
595     357  3341022854889503921      0.850       2.70      0.411   0.426943    595    607    388
596     506  4792046421633983006      0.848       2.60      0.392   0.429037    596    641    571
597     474  2881483659907047460      0.848       2.88      0.375   0.405260    597    495    673
598     639  9649186543146009375      0.847       2.68      0.387   0.418518    598    618    608
599     197  9669887965064015058      0.844       2.74      0.411   0.430835    599    587    392
600     670  8488933093583292245      0.843       2.60      0.432   0.427817    600    643    172
601     418 16569297186569343560      0.841       3.16      0.356   0.423449    601    177    719
602     566 15527357826071523199      0.840       2.82      0.376   0.422039    602    539    665
603      69 16695192424604234437      0.839       2.80      0.393   0.432766    603    551    562
604     267 17706732964614090475      0.838       2.71      0.399   0.415829    604    603    518
605     584  4850828396547483974      0.836       2.57      0.413   0.424770    605    651    373
606     596  9858310950269904591      0.835       2.69      0.392   0.421641    606    612    565
607     492 14960706633147730258      0.830       2.65      0.388   0.429902    607    627    599
608     725 16985183923169497543      0.829       2.71      0.361   0.451744    608    602    713
609     112  7558926144216424893      0.827       2.69      0.383   0.410721    609    613    633
610      33 18318069799883124238      0.826       2.68      0.390   0.421059    610    617    586
611     393  1034470694290294160      0.824       2.59      0.404   0.392281    611    645    454
612     283  3956660021467684436      0.823       2.71      0.401   0.387873    612    606    494
613     422 16701842174053986175      0.822       2.62      0.387   0.429519    613    639    611
614     376   251259944010150415      0.822       2.86      0.349   0.429491    614    504    732
615     439 12563125417064129612      0.819       2.64      0.385   0.431473    615    629    621
616     335  1023481099746176891      0.818       2.71      0.402   0.427621    616    604    469
617     599 12094093873854167686      0.817       2.63      0.410   0.416445    617    636    401
618     121 11386749920961484768      0.813       2.47      0.416   0.374451    618    683    324
619     243  9748118178175392011      0.813       2.63      0.406   0.388554    619    634    432
620     406 16632373121993224395      0.811       3.01      0.364   0.416363    620    367    710
621     705  7013343041358570553      0.808       2.56      0.401   0.415797    621    652    485
622     228 10788466493663693156      0.808       2.53      0.407   0.379355    622    665    431
623     450 15947153329215762251      0.807       2.57      0.395   0.430732    623    650    539
624     784 17199365568889162672      0.807       2.55      0.405   0.421477    624    656    443
625     707  6059092154398586084      0.806       2.74      0.391   0.399873    625    583    578
626     320 12927060136152873738      0.803       2.48      0.397   0.428655    626    678    532
627     504  3515723936523672994      0.802       2.54      0.417   0.428579    627    660    317
628     522 11673005584480449386      0.802       2.62      0.394   0.430966    628    638    553
629     481  8855962463646756405      0.801       2.73      0.385   0.403170    629    593    618
630     511 14787825128026669387      0.800       2.63      0.395   0.394304    630    633    547
631     396 15701892128542760823      0.800       2.52      0.379   0.399498    631    671    654
632     624 11140728730111381228      0.800       2.53      0.400   0.416838    632    667    508
633     344 12949305259410452560      0.799       2.67      0.394   0.392222    633    621    554
634      13 13028815461253925884      0.797       2.67      0.370   0.434355    634    622    694
635      40 14642053334763119179      0.796       2.64      0.399   0.401894    635    630    517
636     520 11523531393530982001      0.796       2.51      0.371   0.409553    636    673    691
637     122  2080253868878324176      0.796       2.51      0.389   0.428757    637    675    595
638     770 13871537636959942979      0.794       2.83      0.397   0.406028    638    530    534
639     192 16105407709653327262      0.793       2.88      0.380   0.437177    639    494    650
640      18  5924020500239312360      0.792       2.77      0.381   0.424965    640    568    645
641     787  8160227426357323312      0.788       2.71      0.367   0.420049    641    600    701
642     200 13583132757779288783      0.787       2.61      0.377   0.422803    642    640    659
643     241  8473337465561701515      0.785       2.60      0.394   0.423679    643    642    552
644     120 13849765511143344206      0.785       2.35      0.369   0.361129    644    701    696
645     505 14065339545279625818      0.784       2.48      0.411   0.399162    645    680    394
646     324  8302755763671303421      0.783       2.55      0.375   0.417442    646    654    672
647     169 15515121244417335705      0.783       2.58      0.403   0.393286    647    647    464
648     616  1441189010905014164      0.780       2.65      0.372   0.427347    648    626    686
649     159 14000972208956257782      0.779       2.66      0.385   0.399647    649    624    623
650     209 17273716095925172492      0.779       2.53      0.383   0.428773    650    664    634
651     287   994986372832067846      0.779       2.45      0.407   0.407363    651    689    423
652     219 15907819001995451321      0.779       2.54      0.388   0.401361    652    659    604
653     750   683593215192993679      0.778       2.53      0.385   0.430783    653    666    620
654     623  6967279194303942177      0.777       2.60      0.369   0.430472    654    644    697
655     410   340996404357143372      0.776       2.69      0.360   0.426415    655    610    714
656     654 11517175285988241650      0.775       2.52      0.390   0.374378    656    668    580
657     797 13892081868060926352      0.773       2.71      0.371   0.415003    657    601    692
658     372 13512282461708572654      0.771       2.45      0.389   0.428810    658    688    598
659     284  5710106966350689618      0.770       3.04      0.341   0.433397    659    325    737
660     558  7828565406807750007      0.768       2.58      0.384   0.415052    660    648    628
661     363  3851158487126609542      0.767       2.52      0.375   0.404329    661    669    678
662     484  8858314864903383953      0.766       2.64      0.387   0.393159    662    632    613
663     757  7533945665949254048      0.762       2.68      0.366   0.430245    663    620    703
664     319  3433178466036288890      0.762       2.42      0.395   0.399809    664    693    546
665     580  3081233069045950778      0.761       2.46      0.390   0.384367    665    685    583
666     569 10551602371427112688      0.761       2.35      0.413   0.370550    666    702    363
667     456 18321335380848874272      0.760       2.52      0.383   0.426862    667    672    637
668       5  7851661763992945493      0.759       2.64      0.385   0.414585    668    628    625
669     653  7316217146636223932      0.758       2.54      0.387   0.429816    669    661    615
670     184 13134492838662128435      0.756       2.47      0.393   0.420143    670    681    561
671     395  8747333070596482311      0.754       2.54      0.368   0.432069    671    663    699
672     745  6127677551848129792      0.752       2.45      0.390   0.403951    672    687    588
673     182  7521625292769094488      0.751       2.59      0.385   0.398381    673    646    619
674     777 15629880917764410788      0.750       2.56      0.389   0.401319    674    653    594
675     384  2790752769414079494      0.750       2.44      0.369   0.428218    675    690    698
676     231  6436897117022768934      0.750       2.51      0.372   0.410702    676    674    685
677     322 15686332683446524265      0.746       2.68      0.377   0.414471    677    619    663
678     237 13092521815807178831      0.745       2.54      0.386   0.378448    678    657    616
679      56  6322696334779165441      0.744       2.41      0.377   0.427324    679    694    661
680     572  3615089448366308959      0.744       2.40      0.408   0.388578    680    696    421
681     544 17589510106752696609      0.742       2.41      0.408   0.376536    681    695    415
682     404 12017802525687268740      0.740       2.62      0.371   0.410684    682    637    690
683      36  7841891534304274999      0.739       2.47      0.363   0.440396    683    682    712
684     379 11225099601985138020      0.733       2.31      0.392   0.395458    684    706    568
685      46  8819088268538794579      0.731       2.51      0.350   0.456639    685    676    728
686     768 11330830841594695963      0.731       2.52      0.375   0.418992    686    670    674
687     227  5478729935797455809      0.730       2.32      0.389   0.380353    687    704    592
688     431  4456361283816942571      0.729       2.43      0.376   0.418683    688    692    670
689     589  2755939605678772822      0.729       2.55      0.363   0.395494    689    655    711
690     336 11238731194028984880      0.722       2.46      0.387   0.400741    690    686    609
691     218 17499917311871227541      0.716       2.48      0.373   0.429949    691    679    683
692     134 13589432367138159914      0.715       2.24      0.433   0.429600    692    716    168
693     534 12054353799889697034      0.707       2.46      0.382   0.392842    693    684    639
694     189  6414501530786040218      0.705       2.44      0.356   0.438210    694    691    721
695      27  5775642857937836062      0.693       2.28      0.390   0.432481    695    710    587
696     747  8093221024079523571      0.687       2.29      0.372   0.415879    696    709    688
697      44 13452365402855698419      0.685       2.58      0.325   0.410834    697    649    746
698     387  8975903887685520169      0.682       2.27      0.370   0.380122    698    711    695
699     685 14681615227781716883      0.678       2.54      0.364   0.426215    699    662    709
700     694  6880818472563277916      0.676       2.49      0.357   0.417525    700    677    718
701     661  3184611227363760427      0.671       2.25      0.381   0.415535    701    715    643
702     366 16931576099292101993      0.660       2.36      0.371   0.442954    702    700    693
703      84  4859717826742877516      0.656       2.88      0.299   0.462957    703    496    757
704     294 14313914111651152210      0.655       2.40      0.346   0.423631    704    697    734
705      52  6050461937540733807      0.655       2.32      0.376   0.393699    705    705    668
706      30 12856148848796066448      0.653       2.71      0.291   0.492186    706    605    761
707     394  4814752485039879742      0.649       2.09      0.376   0.423566    707    738    671
708     350  4454103457229226781      0.642       2.40      0.350   0.423155    708    698    731
709     257 13819216941667338957      0.640       2.21      0.381   0.394627    709    719    642
710     224 16555438639833158680      0.639       2.27      0.409   0.401403    710    713    409
711     437  3140685901390733503      0.638       2.02      0.441   0.423359    711    741     94
712     689  1055105730503008720      0.636       2.27      0.359   0.411548    712    712    716
713      26  6581815003822107391      0.632       2.32      0.302   0.447894    713    703    756
714     235 18044967079467489363      0.631       2.71      0.339   0.435552    714    599    740
715     588  8994507355723126344      0.628       2.15      0.387   0.413066    715    729    610
716     457  3637381863664068762      0.624       2.16      0.365   0.434387    716    728    706
717     321  6650320388846534471      0.623       2.10      0.347   0.454435    717    737    733
718     362  9866759805445969471      0.618       2.54      0.297   0.475346    718    658    759
719     381  4901735965086084294      0.618       2.19      0.377   0.414964    719    723    658
720     331 12709428678519820794      0.610       2.23      0.379   0.403825    720    718    653
721     113  4230820412500114959      0.608       2.10      0.372   0.386786    721    735    684
722     316  2045208800596436464      0.602       1.98      0.383   0.431596    722    745    632
723     115 14818363708898809892      0.597       2.31      0.350   0.416271    723    707    730
724     229  2316597687843380248      0.596       2.15      0.352   0.427729    724    730    725
725     247  9376864656323251048      0.595       2.02      0.376   0.384129    725    742    666
726     487 13169761570397379402      0.593       2.10      0.364   0.440769    726    736    708
727      54   117332688443665050      0.592       2.11      0.352   0.428652    727    733    726
728     632 13770366053999614298      0.590       2.14      0.354   0.434904    728    731    722
729     232  4442472302162990022      0.589       2.08      0.366   0.412106    729    739    704
730     706 11242575973632002280      0.575       1.99      0.376   0.391017    730    743    667
731     452 13722187379422933608      0.571       2.13      0.338   0.434625    731    732    741
732     771  8169795355846548396      0.562       1.94      0.364   0.409367    732    748    707
733     409 11091683010570655415      0.559       2.16      0.332   0.432559    733    727    744
734     733  6905601615689922174      0.557       2.17      0.350   0.414274    734    726    729
735     585    91799173138284790      0.555       2.11      0.336   0.435488    735    734    742
736     208 17139617253954449277      0.550       1.87      0.376   0.414036    736    756    664
737     167 11097487515157245521      0.546       1.92      0.351   0.433738    737    751    727
738     171 12766001914402762824      0.539       2.08      0.342   0.423354    738    740    736
739     266 17350661073630350757      0.536       1.98      0.356   0.406100    739    744    720
740     494  4226261343175000519      0.528       1.89      0.368   0.410032    740    754    700
741     728  2903176464348225508      0.526       1.90      0.377   0.415708    741    753    662
742     207  1593313270483997049      0.511       2.21      0.299   0.566493    742    720    758
743     252  4649432395208036466      0.499       1.87      0.323   0.462670    743    755    748
744     537 11464629276972248074      0.497       1.91      0.341   0.448112    744    752    738
745     514  5333318991442446544      0.495       1.72      0.366   0.426826    745    765    705
746     601 13312930406194931261      0.489       2.20      0.282   0.462583    746    722    765
747     309 11334061490411965983      0.488       2.24      0.293   0.441367    747    717    760
748     263 17694572072862362144      0.487       1.74      0.353   0.423072    748    764    723
749     795 13696723461381254085      0.482       2.26      0.283   0.470770    749    714    763
750       0 17568005519286013800      0.481       2.20      0.324   0.415844    750    721    747
751     723 17997462890582787169      0.480       1.93      0.305   0.418426    751    750    755
752     269 14491720076057361279      0.479       1.71      0.326   0.413366    752    767    745
753     562 13787977354184052771      0.478       1.98      0.334   0.402006    753    746    743
754     760 11123557885654010309      0.473       1.74      0.341   0.448069    754    763    739
755     477  7536585851162077942      0.461       1.76      0.322   0.457848    755    761    750
756      32  7470341982011407245      0.441       1.94      0.323   0.425008    756    749    749
757     166  7446619053544319530      0.400       1.40      0.353   0.392450    757    778    724
758     597 14281302888208516522      0.391       1.40      0.382   0.380590    758    776    640
759     249 15439090924225505963      0.382       1.43      0.359   0.377396    759    773    715
760      34 16710125285188082108      0.375       2.17      0.203   0.521740    760    725    775
761     786 11669072978085326262      0.370       1.41      0.318   0.383295    761    775    752
762     475  2506805256647737148      0.360       1.36      0.321   0.441464    762    779    751
763     185 13217751650991926906      0.337       1.41      0.290   0.457722    763    774    762
764     435 17337417351186639071      0.336       1.81      0.253   0.505762    764    759    770
765     285 14915235217978233043      0.328       1.71      0.262   0.480915    765    768    769
766     299 11369716234639556352      0.325       1.97      0.214   0.625266    766    747    772
767      53  7805386255285820938      0.323       1.33      0.311   0.447568    767    780    754
768     302 18170418584135918611      0.316       1.76      0.218   0.647234    768    762    771
769     749  3612822333649993395      0.310       1.44      0.316   0.435992    769    772    753
770     693 17493007619606900842      0.304       1.86      0.199   0.624060    770    757    776
771     702 14289311299760950470      0.296       1.77      0.210   0.519452    771    760    773
772      65  7352694515232363064      0.278       1.71      0.197   0.536431    772    766    777
773     399 13040438158848806053      0.262       1.83      0.185   0.662756    773    758    779
774     125  9358171881360946917      0.255       1.19      0.282   0.430393    774    783    764
775     312 10945602548729668910      0.242       2.30      0.119   1.282587    775    708    787
776     592  7139613958247196362      0.239       1.09      0.279   0.417547    776    786    766
777     369 16146537198399972905      0.231       1.52      0.175   0.583947    777    769    780
778     645 11298764315964360949      0.214       2.37      0.103   0.963711    778    699    790
779     310 15962757702694707033      0.207       2.18      0.120   1.136196    779    724    786
780     602 13204630989973744241      0.207       1.03      0.273   0.468270    780    791    767
781     340 10059300210213685722      0.201       1.08      0.264   0.458990    781    788    768
782     497 18137105402097725713      0.186       1.09      0.205   0.524497    782    787    774
783     445 16382734682503548658      0.184       1.22      0.171   0.606882    783    781    781
784     583   848003557575214973      0.181       1.47      0.190   0.689244    784    771    778
785     140  4653726255977615636      0.146       1.51      0.112   1.017855    785    770    788
786     561  2932506105755326466      0.143       1.20      0.150   0.677416    786    782    782
787     135  1402167769656062409      0.107       1.40      0.090   0.995779    787    777    792
788     458  2483579172025799429      0.103       1.04      0.109   0.739647    788    790    789
789     460  7597320226734533446      0.092       0.90      0.139   0.641909    789    795    784
790     411  9553339612768368985      0.086       0.94      0.103   0.707840    790    794    791
791     704   252316394115499867      0.084       1.07      0.136   6.729039    791    789    785
792     690 11744823555175730483      0.082       1.12      0.088   0.807941    792    785    795
793     526 11107079897963074050      0.075       0.94      0.089   0.771367    793    793    794
794     408  3797041485664661291      0.070       1.13      0.086   2.750483    794    784    796
795     150 16605986075171681514      0.065       0.99      0.074   0.842220    795    792    797
796     662 17908318806972983187      0.064       0.53      0.146   1.111578    796    797    783
797     175 17968698495398783821      0.054       0.89      0.089   3.144882    797    796    793
798     234  6014663367315786843      0.024       0.47      0.045   1.402119    798    798    800
799     603  9701410924382890467      0.021       0.46      0.060   2.973568    799    799    798
800      70  4744693069029537810      0.013       0.24      0.053   0.773452    800    800    799

--- Top 10 by mean VPT*duty ---
rank    idx             esn_seed     VxD_mn     VPT_mn    duty_mn
1        92  4112530987988204306     1.2738     3.5188     0.4696
2       591  8982357012682103037     1.2697     3.6626     0.4458
3       390 15208094364242385359     1.2678     3.6356     0.4355
4       102  1814698889505195029     1.2565     3.4177     0.4445
5        62  7177932529503219229     1.2369     3.4507     0.4628
6       656  7934791766227647176     1.2361     3.5174     0.4520
7       531 17180349175808754359     1.2244     3.4235     0.4639
8       792 17290233802289316557     1.2078     3.3207     0.4631
9       193  1934213336504735520     1.2051     3.4938     0.4493
10      486  4039873638047662966     1.2034     3.3056     0.4595

--- Top 10 by mean VPT ---
rank    idx             esn_seed     VxD_mn     VPT_mn    duty_mn
1       591  8982357012682103037     1.2697     3.6626     0.4458
2       390 15208094364242385359     1.2678     3.6356     0.4355
3        92  4112530987988204306     1.2738     3.5188     0.4696
4       656  7934791766227647176     1.2361     3.5174     0.4520
5       193  1934213336504735520     1.2051     3.4938     0.4493
6        89 15277244316785691522     1.1607     3.4862     0.4577
7       117 10907692223483096950     1.1764     3.4826     0.4229
8        62  7177932529503219229     1.2369     3.4507     0.4628
9       503 10253254895481126005     1.1857     3.4377     0.4200
10      647  3835149948587744457     1.1649     3.4320     0.3993

--- Top 10 by mean duty ---
rank    idx             esn_seed     VxD_mn     VPT_mn    duty_mn
1       668 14604825411508779318     1.1554     3.2085     0.4756
2        92  4112530987988204306     1.2738     3.5188     0.4696
3       438 16327506298630702233     1.1062     3.1551     0.4648
4       531 17180349175808754359     1.2244     3.4235     0.4639
5       204  7155349703358211036     1.1411     3.2846     0.4637
6       792 17290233802289316557     1.2078     3.3207     0.4631
7        62  7177932529503219229     1.2369     3.4507     0.4628
8       657 15806710405114863993     1.1075     3.1975     0.4626
9       666 15819987999899501331     1.0790     3.1140     0.4626
10      714 13782715406986460949     1.1261     3.2632     0.4620

Cherry-pick: use esn_seed from the tables above with Train / FreeRunSurvey / FreeRun (same dim/M/dynamics). Weights were not saved here.
