
========================================================================
=== OrbitSweep final report (load-only; one freerun per orbit) ===
========================================================================
DIM=10  M=2  esn_seed=3079493423467196890  num_orbits=200000  threads=24
base_orbit_seed=9333312947715283458
weights=C:\HypercubeESN\models\lorenz_seed3079493423467196890_D10_M2
ok=200000 / 200000  failed=0
file/stdout keep: top 100 + bottom 10 by VPT*duty (not full table)

note: one freerun per orbit; VxD = VPT*duty for that run.

--- Top 100 by VPT*duty ---
rank    idx           orbit_seed        VxD        VPT       duty       RMSE  r_VxD  r_VPT r_duty
1     23759 16645195261681656633      7.791      14.13      0.551   0.381029      1      1    477
2    176446  6778309126854507643      6.171      10.69      0.578   0.365470      2      2    183
3    110475 11027893690787049824      5.603       7.61      0.737   0.303617      3    105      1
4     13101  2555889675427439140      5.522       8.62      0.640   0.378984      4     29     10
5    129215 11210554402991580105      5.119      10.47      0.489   0.393614      5      3   3200
6    127404   640932563202906260      5.012       9.04      0.554   0.379022      6     17    428
7     74921   342920212748715133      4.818      10.02      0.481   0.345187      7      6   3913
8     35222  9079883845812469805      4.813      10.20      0.472   0.351558      8      4   4839
9    161047 16402321210680730317      4.700       8.10      0.581   0.395233      9     60    160
10    13950  5025719928104590317      4.690       9.78      0.479   0.404971     10      9   4019
11   158122  5644939199808579385      4.610       7.97      0.579   0.368782     11     69    172
12   166698   451498319802260155      4.586       8.95      0.512   0.381516     12     20   1689
13    17003 11127180025749991893      4.577       7.82      0.585   0.357182     13     85    131
14    71612 18237947595775874669      4.567       9.85      0.464   0.407213     14      7   5908
15   190449  3012081877437117900      4.537       7.79      0.583   0.320474     15     91    145
16   133399    13422544920716770      4.524       9.83      0.460   0.355290     16      8   6438
17    16435 12554483159279414882      4.508       9.49      0.475   0.354739     17     12   4480
18   184482 12238997958084435405      4.430       7.26      0.610   0.376695     18    164     36
19    45970  7895782524279537139      4.397       6.92      0.635   0.364938     19    238     13
20    58568 12256257187453773539      4.393       8.64      0.508   0.435684     20     28   1886
21    44994  1485112148426357989      4.385       7.79      0.563   0.406906     21     90    331
22   107897  4463556119751927926      4.351       7.61      0.572   0.398277     22    106    233
23   180101 13725468478180757075      4.349       7.14      0.610   0.380680     23    194     37
24    98486  8621262545297224480      4.321       8.53      0.506   0.368803     24     33   2002
25   193507  2341423922516544683      4.234       8.48      0.499   0.389901     25     38   2421
26   171780 17210706327470106291      4.231       7.77      0.544   0.336362     26     93    614
27   194668  9631489540564619805      4.196       7.14      0.588   0.417919     27    190    115
28    40060 10632190098522387641      4.154       8.51      0.488   0.393739     28     36   3256
29   179908  5653774569089412047      4.143       7.55      0.548   0.374842     29    110    530
30   137025 15965979383996081723      4.100       9.33      0.440   0.412743     30     14   9995
31    19379 16948153968204902603      4.086       6.16      0.663   0.322534     31    443      3
32   185430  2482697979121490146      4.065       8.57      0.474   0.398384     32     32   4558
33   150879  1454116609364356929      4.059       7.81      0.520   0.405210     33     86   1378
34   125773  7152754168978715446      4.037       6.92      0.584   0.364723     34    239    136
35    14794 16800166292019582011      4.020       8.87      0.453   0.358398     35     22   7542
36    16625 13838312685257135663      4.007       7.95      0.504   0.336349     36     72   2156
37    81599  5756973684484330762      4.006       7.73      0.518   0.416641     37     98   1436
38   159081  3634676767344617826      3.997       8.46      0.472   0.378376     38     41   4794
39   112174 17171784563921283588      3.994       6.52      0.613   0.343624     39    328     30
40    28172   377028733301268385      3.991      10.05      0.397   0.380523     40      5  22503
41   137943  7730991648230479828      3.979       9.51      0.418   0.364440     41     11  15207
42    27366 17045194019315401626      3.960       8.11      0.488   0.404251     42     58   3290
43   169976  9171534741725280149      3.958       9.24      0.428   0.402921     43     16  12561
44    26893 13445989567705591696      3.911       7.93      0.493   0.410992     44     75   2867
45   135398 13733536680740979946      3.889       9.00      0.432   0.421258     45     19  11695
46    41992 10420577179302556218      3.865       7.46      0.518   0.338553     46    122   1449
47   113866 10399319793454066483      3.856       9.02      0.427   0.441631     47     18  12693
48   193071  1890137545537915379      3.853       6.94      0.555   0.340700     48    232    413
49    60684 11053687327384721483      3.846       8.59      0.448   0.390381     49     31   8389
50    68122  1201412737139941930      3.845       7.97      0.482   0.343066     50     71   3762
51   128212  8967752790504099851      3.840       8.24      0.466   0.419182     51     52   5539
52    69564  3595794744895229626      3.837       6.72      0.571   0.389207     52    276    241
53      891  4618665276418972780      3.771       8.53      0.442   0.406741     53     35   9482
54     8354 10084827011840438863      3.766       7.26      0.518   0.375171     54    165   1418
55   126985  1243765520527245168      3.746       8.24      0.455   0.428962     55     54   7266
56    60582 14639503394293069264      3.740       7.82      0.478   0.402917     56     83   4166
57    24324 14621860967037088779      3.729       7.95      0.469   0.381238     57     73   5198
58    45483 15374608099651432686      3.727       6.88      0.541   0.392060     58    242    677
59   176692 14511860950120330941      3.721       7.32      0.508   0.350325     59    154   1882
60    76747 14396946179619606776      3.716       8.11      0.458   0.413539     60     59   6715
61     5373 10492965820334143480      3.709       6.99      0.530   0.345151     61    224    968
62   125199  2134041396308974218      3.698       6.81      0.543   0.397366     62    253    634
63   147500  7581240811664681452      3.698       8.86      0.417   0.357358     63     24  15402
64    73431  2492059032324735880      3.696       6.65      0.556   0.374220     64    292    407
65   113006 13145477155073928318      3.691       7.70      0.479   0.423845     65    101   4017
66    17913 15835932997585947581      3.675       8.73      0.421   0.420783     66     26  14500
67    32007  9283244478090866364      3.674       9.58      0.384   0.373792     67     10  28285
68    97300  8484346130250536292      3.673       7.81      0.470   0.428172     68     87   5000
69   123087 17272713103115582314      3.660       8.40      0.435   0.384157     69     47  10887
70   198710 11585558195512987423      3.649       7.46      0.489   0.411290     70    124   3161
71   120287   183735561507178794      3.648       6.54      0.558   0.400729     71    317    386
72    25374 13122106751747326870      3.641       8.48      0.429   0.364927     72     37  12319
73   139903 11020319569085538519      3.625       6.70      0.541   0.386806     73    281    690
74   193802  9177673295127276793      3.620       6.45      0.561   0.419484     74    359    345
75    39021 12210497940410710003      3.611       8.02      0.450   0.391629     75     64   8000
76   172418 17179629160282852025      3.603       7.44      0.484   0.371550     76    129   3654
77    95273 14056741470994911597      3.603       6.56      0.549   0.396143     77    315    509
78   100218   468026359759544041      3.598       6.45      0.558   0.401297     78    358    385
79    40826 13536990182977575827      3.589       7.46      0.481   0.416252     79    126   3865
80    98663  2180920166207752222      3.577       6.59      0.542   0.380618     80    308    648
81   152513  9768468127639605299      3.576       6.94      0.515   0.405165     81    233   1568
82   105021 14449807479909566639      3.570       8.17      0.437   0.426955     82     56  10470
83    84635  7194335871864903439      3.552       8.24      0.431   0.414462     83     53  11865
84   132144  8314372871028401521      3.542       7.72      0.459   0.431943     84     99   6518
85   108760  7607435063447659756      3.530       7.93      0.445   0.396432     85     74   8951
86   188324  6510181358926725953      3.528       5.54      0.636   0.368236     86    802     12
87    47703 10922383674200901858      3.519       8.87      0.397   0.438326     87     23  22734
88   133193 12819638110426881249      3.518       7.30      0.482   0.416529     88    157   3809
89    56386  9086953047358556706      3.509       5.92      0.593   0.397266     89    549     92
90    78999 13924490165398991254      3.505       7.43      0.472   0.388413     90    130   4817
91   133594  4906536684421854226      3.481       8.46      0.411   0.366932     91     42  17293
92   164405  1739643885347652517      3.479       7.70      0.452   0.416446     92    100   7664
93    42932 11619981253083145610      3.477       7.39      0.470   0.357931     93    140   5023
94    19265 10948390904217618724      3.464       7.17      0.483   0.413429     94    182   3712
95    56033  4766566614744213331      3.458       7.44      0.465   0.399275     95    127   5737
96   147725  4389305075950138560      3.454       8.04      0.429   0.359614     96     61  12238
97   134917  2669327498404051314      3.451       7.28      0.474   0.350420     97    163   4613
98    90911  4258066496804509840      3.445       8.33      0.413   0.366195     98     51  16644
99    82533  4325089182878907780      3.429       7.28      0.471   0.423298     99    161   4970
100   41493 17063589047447184170      3.429       6.03      0.569   0.383459    100    482    269

--- Bottom 10 by VPT*duty (worst) ---
rank    idx           orbit_seed        VxD        VPT       duty       RMSE  r_VxD  r_VPT r_duty
199991 105561 10275425610659846264      0.007       0.22      0.031   0.542417 199991 193589 199982
199992  39899  1643109863992870049      0.007       0.22      0.031   0.546317 199992 191287 199981
199993 181189  3910598927836350148      0.006       0.18      0.031   0.535762 199993 197325 199980
199994  99344 15344426332429305782      0.006       0.13      0.043   0.550559 199994 199920 199917
199995  66642  7672698695922039859      0.005       0.14      0.037   0.522951 199995 199841 199958
199996  69374  2149333776036047349      0.005       0.11      0.049   0.554860 199996 199998 199853
199997 172528    99132906019416464      0.005       0.22      0.022   0.550456 199997 192583 199995
199998  39720  8637294450119738654      0.004       0.22      0.019   0.541062 199998 191239 199997
199999 166015  9535988803509469360      0.004       0.13      0.028   0.553706 199999 199980 199987
200000 173036    43447504665572238      0.003       0.14      0.019   0.551296 200000 199726 199998

--- Top 10 by VPT*duty ---
rank    idx           orbit_seed        VxD        VPT       duty       ic_x       ic_y       ic_z
1     23759 16645195261681656633     7.7912    14.1274     0.5515  -0.076218   0.000194   0.627466
2    176446  6778309126854507643     6.1712    10.6861     0.5775  -0.532314  -0.028815   0.625887
3    110475 11027893690787049824     5.6026     7.6070     0.7365  -0.115087   0.057907   0.351033
4     13101  2555889675427439140     5.5220     8.6213     0.6405   0.082606   0.482326   0.219514
5    129215 11210554402991580105     5.1192    10.4687     0.4890  -0.229826  -0.564577   0.899548
6    127404   640932563202906260     5.0115     9.0379     0.5545   0.809541   0.708013   0.822067
7     74921   342920212748715133     4.8177    10.0159     0.4810   0.581377   0.488327   0.154388
8     35222  9079883845812469805     4.8130    10.1971     0.4720  -0.091270  -0.745258   0.112466
9    161047 16402321210680730317     4.6998     8.0961     0.5805   0.586384   0.685248   0.989436
10    13950  5025719928104590317     4.6897     9.7805     0.4795   0.486513   0.276441   0.640395

--- Top 10 by VPT ---
rank    idx           orbit_seed        VxD        VPT       duty       ic_x       ic_y       ic_z
1     23759 16645195261681656633     7.7912    14.1274     0.5515  -0.076218   0.000194   0.627466
2    176446  6778309126854507643     6.1712    10.6861     0.5775  -0.532314  -0.028815   0.625887
3    129215 11210554402991580105     5.1192    10.4687     0.4890  -0.229826  -0.564577   0.899548
4     35222  9079883845812469805     4.8130    10.1971     0.4720  -0.091270  -0.745258   0.112466
5     28172   377028733301268385     3.9907    10.0522     0.3970  -0.527695   0.541563   0.977722
6     74921   342920212748715133     4.8177    10.0159     0.4810   0.581377   0.488327   0.154388
7     71612 18237947595775874669     4.5668     9.8529     0.4635   0.639199  -0.018767   0.627488
8    133399    13422544920716770     4.5240     9.8348     0.4600  -0.080094   0.338386   0.687593
9     13950  5025719928104590317     4.6897     9.7805     0.4795   0.486513   0.276441   0.640395
10    32007  9283244478090866364     3.6744     9.5812     0.3835  -0.364122  -0.731967   0.618313

--- Top 10 by duty ---
rank    idx           orbit_seed        VxD        VPT       duty       ic_x       ic_y       ic_z
1    110475 11027893690787049824     5.6026     7.6070     0.7365  -0.115087   0.057907   0.351033
2     83666  9581699714592893354     3.2897     4.6729     0.7040  -0.092892  -0.403602   0.995466
3     19379 16948153968204902603     4.0859     6.1581     0.6635  -0.812998   0.622610   0.053986
4    125276  6106653627613207803     1.9278     2.9523     0.6530   0.968006  -0.691337   0.081239
5     63653  4907822182052040848     1.5516     2.3908     0.6490   0.363634  -0.365845   0.567733
6    142817  8719878476487920486     1.0789     1.6663     0.6475  -0.177472  -0.280583   0.485934
7    186315 11586565455530945121     2.0428     3.1696     0.6445   0.553891   0.446077   0.564046
8     45104 18340879705010679589     0.1750     0.2717     0.6440   0.625522   0.197878   0.342428
9     31631 14069510543943797221     0.8030     1.2497     0.6425   0.952003   0.136532   0.408620
10    13101  2555889675427439140     5.5220     8.6213     0.6405   0.082606   0.482326   0.219514

Best orbit_seed=16645195261681656633  VxD=7.7912  VPT=14.1274  duty=0.5515
  IC=(-0.076218, 0.000194, 0.627466)  (display only)
  FreeRun(10, 2, 3079493423467196890, /*SR*/0.f, /*IS*/0.f, 16645195261681656633, "C:\HypercubeESN\models\lorenz_seed3079493423467196890_D10_M2");

Cherry-pick: FreeRun with orbit_seed above (not rounded IC floats), same esn_seed and weights path.
